999 4995 4 5 448 
55 201 26 
201 724 63 
260 724 46 
724 942 83 
942 878 96 
942 886 56 
886 255 72 
295 255 18 
843 295 74 
163 886 32 
163 992 50 
992 958 71 
882 958 63 
914 882 87 
201 376 10 
376 451 20 
805 376 30 
201 625 60 
71 625 90 
71 752 5 
752 975 3 
975 877 26 
975 755 69 
755 962 54 
962 124 17 
526 962 83 
225 526 84 
507 962 73 
507 252 39 
252 308 9 
308 665 49 
665 854 50 
854 612 30 
612 749 15 
854 515 51 
854 82 79 
870 82 69 
284 870 87 
284 499 76 
284 764 80 
40 284 60 
40 513 78 
870 658 87 
658 750 3 
463 750 96 
872 658 71 
765 872 98 
270 872 76 
88 270 84 
872 506 64 
67 870 92 
798 82 96 
82 679 39 
679 447 21 
447 179 65 
31 679 30 
999 82 73 
999 677 86 
677 185 49 
647 185 33 
647 169 39 
655 647 94 
742 655 9 
655 427 54 
427 648 27 
648 834 58 
609 834 17 
609 938 33 
99 609 46 
302 99 67 
99 574 34 
171 609 44 
87 609 71 
257 87 49 
257 998 94 
68 998 27 
87 527 64 
527 810 57 
592 87 64 
834 168 71 
677 584 90 
677 731 46 
264 731 51 
82 881 69 
846 665 25 
454 846 55 
454 852 79 
852 46 76 
256 852 72 
454 573 68 
454 22 30 
454 156 62 
442 252 69 
755 818 91 
931 755 86 
558 71 46 
166 625 60 
166 930 5 
638 55 88 
638 604 36 
135 638 36 
638 493 23 
638 908 24 
388 55 88 
55 523 26 
956 55 96 
956 271 14 
436 55 67 
831 55 40 
409 55 54 
107 409 95 
215 409 80 
753 215 20 
283 753 49 
753 590 50 
215 995 89 
55 711 92 
108 55 78 
748 55 93 
606 55 41 
348 55 88 
114 348 24 
456 114 49 
520 456 18 
348 327 14 
55 57 48 
55 659 41 
659 922 57 
659 152 32 
55 836 71 
361 55 30 
55 894 85 
55 316 2 
44 316 8 
316 231 71 
231 184 56 
184 786 92 
466 786 14 
129 466 23 
786 335 7 
335 767 44 
650 184 48 
650 772 68 
772 909 30 
650 262 79 
278 650 50 
278 405 40 
598 55 52 
143 598 71 
598 472 96 
561 598 42 
898 561 7 
879 598 55 
55 462 31 
55 9 56 
943 55 44 
842 55 89 
842 26 47 
55 684 22 
55 496 20 
666 496 97 
496 113 63 
66 496 23 
66 324 20 
961 324 51 
378 496 16 
246 55 12 
47 246 71 
756 47 11 
55 848 54 
537 55 84 
453 537 48 
453 733 82 
453 841 39 
80 453 19 
80 789 70 
789 144 5 
789 939 24 
80 304 82 
304 792 40 
868 792 54 
868 614 60 
868 664 85 
618 453 65 
453 226 74 
563 453 68 
563 633 52 
516 633 13 
191 563 15 
98 563 80 
453 234 36 
453 193 37 
453 397 43 
537 947 48 
55 448 66 
413 448 41 
413 802 82 
802 469 9 
243 469 59 
243 901 34 
137 243 28 
802 178 69 
840 448 27 
146 840 1 
923 55 27 
580 923 3 
20 55 88 
55 781 11 
781 37 17 
37 970 25 
263 970 26 
160 781 98 
160 727 14 
884 781 2 
839 781 3 
866 839 27 
221 839 27 
181 839 3 
951 55 55 
55 203 64 
582 203 48 
582 519 4 
203 983 53 
55 385 62 
385 356 20 
385 115 92 
667 115 2 
667 354 3 
115 6 52 
372 115 92 
372 86 78 
214 86 65 
86 663 26 
86 552 41 
692 552 18 
681 692 71 
55 267 38 
267 871 81 
148 55 42 
720 55 25 
367 720 65 
720 130 82 
130 159 53 
69 159 40 
528 69 48 
347 69 83 
347 176 1 
103 69 57 
159 202 57 
492 202 40 
159 412 85 
268 412 86 
268 543 60 
29 543 98 
660 29 45 
660 940 73 
398 29 97 
155 268 56 
155 145 49 
564 155 12 
564 495 57 
495 294 32 
685 294 12 
467 685 82 
495 953 54 
687 720 97 
808 720 70 
720 629 55 
717 629 59 
981 55 4 
147 55 24 
777 147 64 
790 777 4 
790 739 50 
739 714 68 
102 739 97 
790 353 84 
678 353 24 
84 678 96 
84 404 3 
888 147 20 
55 239 55 
91 55 74 
483 91 57 
483 365 17 
365 219 76 
219 105 34 
105 778 4 
105 509 80 
180 105 30 
219 333 40 
699 333 19 
333 822 99 
70 333 42 
70 832 10 
219 675 59 
290 483 40 
91 286 14 
109 286 95 
596 286 72 
286 362 82 
362 10 98 
924 362 93 
261 286 82 
482 286 37 
762 55 43 
593 55 39 
55 890 88 
55 352 52 
164 55 76 
55 280 91 
55 194 35 
194 984 78 
763 194 33 
401 194 77 
401 985 28 
809 401 44 
297 809 46 
759 194 50 
194 602 83 
559 602 65 
768 559 51 
55 282 39 
19 282 12 
997 55 71 
55 396 80 
34 396 7 
396 601 56 
524 396 40 
55 972 50 
634 55 31 
634 35 92 
150 55 81 
619 55 93 
55 232 31 
55 788 38 
788 754 6 
980 754 90 
788 269 61 
118 788 4 
876 55 6 
55 251 25 
366 251 39 
823 366 73 
511 823 35 
375 511 13 
511 761 92 
511 17 69 
688 17 10 
815 366 79 
919 251 91 
136 251 32 
55 210 27 
770 55 91 
770 662 62 
662 273 80 
273 21 72 
662 39 44 
134 662 55 
856 55 47 
856 990 51 
990 213 25 
55 350 55 
350 77 73 
77 341 77 
55 656 99 
946 55 98 
277 946 46 
525 277 39 
525 259 71 
259 588 63 
55 621 75 
621 65 8 
621 374 31 
374 208 39 
845 621 55 
110 845 49 
110 461 99 
621 78 50 
644 78 19 
589 55 3 
589 926 82 
926 60 23 
806 55 35 
806 245 4 
783 806 80 
3 55 12 
187 55 98 
187 381 53 
55 416 61 
531 55 100 
55 661 2 
821 55 63 
55 838 19 
769 55 87 
55 368 2 
443 368 54 
443 546 57 
546 198 89 
55 791 41 
791 977 12 
791 669 100 
312 791 95 
55 331 50 
364 55 1 
55 153 22 
787 153 6 
787 553 41 
457 55 53 
457 893 53 
457 869 1 
869 172 32 
172 235 65 
624 235 92 
50 624 61 
93 50 62 
503 50 15 
935 624 81 
555 624 79 
624 572 29 
760 235 44 
235 550 36 
235 683 78 
172 42 46 
42 591 92 
434 591 49 
434 487 75 
473 487 8 
53 473 23 
976 487 9 
541 976 33 
541 729 8 
976 421 78 
794 421 52 
585 794 93 
371 585 87 
512 371 94 
512 964 84 
371 929 27 
885 371 10 
885 775 4 
510 885 90 
373 885 74 
885 532 6 
532 560 85 
560 157 82 
623 157 57 
623 328 21 
157 101 47 
862 101 44 
728 862 30 
371 672 97 
7 672 4 
7 321 79 
672 402 41 
220 402 78 
11 672 9 
889 11 85 
471 672 36 
471 387 5 
183 387 75 
481 183 38 
121 481 67 
121 875 56 
875 293 29 
293 175 15 
76 175 53 
76 547 39 
140 76 99 
76 653 94 
653 534 85 
653 522 2 
522 782 23 
694 875 11 
874 875 13 
162 121 92 
173 183 50 
766 387 91 
36 766 22 
710 36 21 
766 241 45 
241 90 10 
915 766 13 
915 58 33 
133 915 1 
56 133 73 
310 56 32 
133 384 52 
133 722 22 
217 722 26 
722 517 43 
517 887 75 
797 722 54 
676 722 69 
133 357 43 
357 827 39 
827 337 50 
855 337 35 
855 826 80 
826 652 26 
565 652 93 
565 819 26 
292 565 19 
292 501 24 
501 363 80 
501 671 9 
671 988 57 
910 988 55 
417 988 61 
417 721 6 
79 721 17 
417 542 20 
671 340 47 
24 340 27 
864 24 96 
228 671 68 
741 671 32 
673 652 58 
579 826 3 
855 603 67 
128 603 42 
948 128 56 
128 613 58 
603 106 49 
540 106 78 
595 106 82 
587 595 88 
941 587 38 
941 186 15 
587 630 18 
630 829 100 
279 587 23 
587 317 37 
587 478 39 
548 478 41 
628 548 21 
628 95 92 
95 949 83 
989 949 51 
403 949 21 
45 403 65 
880 45 8 
944 880 22 
873 944 76 
944 859 3 
979 944 85 
979 934 45 
944 370 70 
370 190 1 
712 190 76 
190 475 81 
726 475 43 
971 475 6 
715 971 99 
707 971 2 
708 971 87 
161 971 79 
743 161 96 
161 706 50 
139 706 15 
161 716 81 
716 535 77 
535 288 57 
204 535 81 
422 204 7 
900 422 29 
535 439 16 
426 439 15 
439 963 15 
963 465 61 
439 698 5 
607 698 49 
978 439 74 
439 275 30 
902 439 56 
716 740 60 
740 266 90 
322 266 46 
389 716 84 
716 233 96 
820 716 70 
605 716 28 
716 287 54 
716 399 36 
795 161 80 
161 28 50 
28 14 96 
850 28 24 
718 850 60 
899 718 92 
432 899 42 
643 899 75 
474 643 25 
444 474 13 
444 223 21 
899 83 71 
430 850 87 
971 437 58 
971 554 3 
475 281 52 
657 281 67 
812 657 18 
339 370 17 
339 240 54 
100 370 95 
100 72 55 
100 274 4 
23 100 47 
549 370 3 
932 370 85 
587 224 71 
595 132 45 
562 132 39 
827 974 96 
974 386 1 
120 386 46 
616 120 86 
780 616 90 
177 616 88 
120 285 95 
120 429 9 
125 429 43 
33 429 77 
435 429 32 
861 435 95 
429 959 53 
120 491 43 
491 804 47 
533 974 55 
518 533 28 
867 518 44 
860 533 33 
533 494 89 
974 346 53 
974 530 39 
974 74 63 
485 827 7 
827 586 86 
301 586 11 
301 557 67 
138 557 4 
536 557 48 
75 557 81 
858 75 57 
382 75 76 
165 75 93 
165 18 55 
566 18 87 
249 18 99 
779 165 2 
779 123 76 
779 141 96 
141 489 28 
489 206 74 
206 903 61 
966 141 61 
390 141 21 
390 751 90 
390 568 57 
406 390 56 
406 197 63 
911 197 62 
51 406 100 
51 955 49 
330 955 26 
857 330 51 
680 330 67 
680 336 74 
342 330 85 
342 757 35 
757 497 51 
27 757 61 
918 27 91 
41 918 59 
757 151 60 
539 151 63 
151 892 33 
200 151 60 
200 732 8 
732 433 34 
732 937 68 
937 237 91 
847 732 48 
847 758 95 
847 415 73 
415 954 100 
991 954 68 
627 954 8 
627 641 91 
641 689 68 
689 97 54 
455 689 12 
212 689 41 
212 395 12 
689 94 78 
94 486 38 
486 438 76 
438 1 16 
486 360 32 
25 360 17 
25 986 13 
358 25 2 
25 578 30 
960 94 27 
689 824 73 
484 689 57 
484 994 86 
689 408 78 
641 853 5 
544 853 22 
853 611 91 
611 218 34 
853 334 78 
785 334 100 
641 460 7 
230 641 58 
982 954 99 
300 982 50 
238 415 62 
830 238 44 
987 238 83 
987 895 57 
415 801 10 
817 415 74 
415 116 58 
847 459 17 
567 342 76 
313 567 83 
4 567 40 
111 4 16 
122 111 16 
209 4 29 
272 4 43 
4 833 98 
4 957 14 
957 298 95 
342 844 15 
342 746 76 
696 51 58 
51 351 41 
351 13 30 
51 736 63 
390 349 93 
349 424 73 
450 424 17 
450 446 68 
446 570 74 
16 450 73 
349 793 41 
349 167 15 
359 167 11 
359 529 42 
529 62 29 
719 529 16 
529 814 100 
529 323 45 
323 556 24 
222 323 73 
645 222 93 
709 323 15 
189 323 92 
43 189 49 
189 61 87 
863 61 50 
61 170 75 
329 170 35 
314 170 8 
835 170 13 
344 835 100 
835 597 34 
258 835 34 
581 258 41 
64 170 76 
622 61 24 
188 622 38 
289 188 86 
289 400 82 
500 289 25 
693 500 94 
965 61 72 
965 305 24 
242 305 69 
242 610 100 
189 725 94 
189 508 3 
508 654 75 
189 2 63 
2 332 69 
425 2 75 
632 189 63 
296 632 52 
723 189 81 
925 723 94 
490 925 100 
48 490 99 
490 921 79 
490 383 34 
383 303 29 
303 30 45 
800 925 60 
445 723 52 
697 445 9 
697 577 39 
545 697 8 
229 545 34 
407 229 16 
205 229 2 
545 575 43 
575 904 51 
149 575 84 
538 445 2 
825 529 92 
392 825 42 
276 392 79 
276 119 10 
254 119 63 
636 276 82 
392 906 37 
89 906 14 
695 529 6 
38 529 83 
529 309 65 
529 505 90 
927 349 49 
414 927 52 
927 12 25 
883 349 43 
883 428 19 
428 248 44 
651 248 56 
440 651 24 
291 248 39 
5 248 80 
248 420 8 
81 420 17 
502 81 16 
502 216 94 
355 216 10 
704 502 68 
816 704 97 
15 704 98 
15 521 77 
521 713 62 
713 394 52 
704 933 26 
933 640 88 
851 640 11 
464 851 17 
502 196 80 
196 738 88 
502 227 23 
81 569 94 
912 81 17 
599 912 30 
912 744 19 
154 912 98 
488 912 60 
488 996 70 
996 126 96 
784 126 80 
774 784 3 
784 796 59 
784 345 47 
620 345 59 
620 307 19 
803 307 98 
307 319 12 
85 319 47 
319 59 37 
668 319 20 
307 326 8 
620 498 27 
126 92 40 
92 928 69 
92 913 83 
913 773 9 
865 913 4 
865 849 70 
849 338 41 
571 913 25 
583 571 47 
571 182 99 
182 299 77 
299 702 68 
702 897 78 
423 897 88 
993 423 74 
253 423 49 
504 897 47 
182 690 35 
811 690 74 
617 571 68 
617 635 2 
635 73 41 
73 747 26 
325 747 91 
747 393 38 
617 306 5 
306 452 31 
452 449 69 
608 452 38 
608 247 68 
32 247 3 
608 920 85 
952 452 96 
52 617 54 
617 674 69 
674 250 31 
646 571 39 
646 936 61 
158 936 80 
936 514 35 
771 936 18 
969 913 72 
63 969 21 
913 642 67 
913 96 63 
96 907 23 
907 441 91 
913 211 12 
127 211 4 
127 8 27 
8 735 43 
192 127 83 
192 670 32 
477 670 2 
477 318 9 
207 477 34 
477 700 8 
700 195 19 
700 691 1 
410 691 61 
477 551 15 
745 477 29 
745 701 99 
477 315 74 
315 419 66 
419 837 68 
637 837 76 
476 837 56 
142 476 4 
917 142 94 
477 369 69 
594 477 83 
730 477 91 
626 730 14 
626 686 23 
916 686 95 
686 244 100 
54 244 67 
244 418 17 
418 631 98 
379 418 88 
379 411 64 
244 807 70 
244 480 36 
649 686 21 
479 686 64 
670 343 49 
670 615 6 
92 600 25 
600 737 80 
737 950 98 
950 639 6 
117 639 82 
737 320 79 
576 320 99 
576 236 67 
600 682 19 
377 682 38 
377 967 53 
967 799 80 
967 703 90 
945 703 69 
905 377 25 
905 470 36 
470 49 1 
813 682 3 
199 813 86 
199 265 76 
776 265 63 
776 112 89 
682 468 10 
468 131 68 
734 600 87 
174 734 10 
174 380 24 
458 380 51 
380 104 48 
891 104 40 
891 391 31 
391 705 52 
968 174 91 
828 968 77 
973 828 26 
896 973 41 
896 431 63 
311 896 23 
571 54 67 
304 286 54 
449 722 67 
61 12 98 
29 141 35 
712 867 86 
715 90 71 
844 213 7 
136 402 77 
925 193 86 
870 619 34 
659 394 18 
486 624 64 
213 52 80 
627 319 99 
444 981 28 
697 333 99 
92 827 79 
160 364 2 
864 671 79 
96 252 61 
668 68 65 
52 127 44 
654 188 50 
519 480 33 
740 967 45 
557 310 37 
176 239 46 
301 319 84 
643 299 26 
331 437 77 
567 177 29 
883 469 25 
685 551 15 
263 671 62 
89 659 95 
898 337 14 
722 705 86 
14 351 97 
642 141 87 
537 131 92 
4 976 35 
352 887 23 
976 503 27 
658 286 16 
713 569 78 
559 692 10 
89 252 15 
908 641 79 
19 51 45 
443 925 66 
321 563 27 
811 665 89 
172 316 30 
100 617 28 
562 948 65 
411 240 70 
774 922 37 
226 885 80 
871 704 25 
850 561 34 
894 820 79 
592 870 66 
290 666 28 
846 107 6 
780 247 72 
29 465 61 
602 824 77 
97 648 56 
17 35 57 
604 395 22 
97 291 56 
514 477 67 
312 598 18 
184 562 84 
735 774 89 
283 597 100 
403 689 3 
169 261 54 
780 365 48 
198 239 63 
976 196 62 
686 484 15 
358 506 2 
872 384 97 
259 528 78 
39 743 29 
549 536 30 
321 969 63 
766 590 34 
345 462 26 
597 28 18 
59 864 85 
360 715 11 
565 726 34 
777 609 100 
710 81 69 
333 596 82 
845 793 95 
518 209 42 
254 45 21 
68 705 1 
821 783 86 
927 959 35 
426 557 3 
981 188 68 
327 946 74 
597 817 13 
77 389 51 
797 558 8 
672 339 84 
963 77 9 
104 389 76 
237 244 68 
323 495 18 
887 833 50 
98 700 19 
45 174 66 
514 41 83 
952 425 44 
637 521 83 
817 654 83 
152 840 53 
156 399 8 
209 282 23 
343 409 98 
716 666 5 
610 774 3 
339 133 58 
871 217 48 
42 883 7 
516 435 24 
187 933 29 
259 460 13 
758 283 1 
685 79 22 
748 976 4 
922 163 33 
732 562 90 
575 853 44 
499 445 77 
918 332 26 
528 145 58 
990 940 82 
210 454 62 
811 405 73 
875 876 37 
456 12 49 
497 38 41 
802 988 50 
613 996 27 
896 544 68 
573 251 55 
634 437 82 
816 268 100 
568 142 1 
176 474 91 
912 934 60 
220 866 31 
279 384 62 
795 919 92 
472 681 33 
729 711 23 
931 45 50 
291 672 59 
926 273 62 
911 496 84 
186 723 78 
792 675 15 
344 866 98 
924 718 65 
648 566 56 
476 293 74 
356 427 95 
816 700 93 
257 477 88 
326 956 81 
518 575 66 
412 154 91 
320 806 55 
156 756 57 
366 309 7 
810 673 88 
692 75 31 
311 558 65 
238 77 62 
202 86 31 
530 843 54 
62 478 19 
679 208 55 
834 66 96 
373 159 89 
199 603 29 
608 915 72 
619 236 25 
113 445 52 
742 651 3 
637 477 55 
985 908 43 
638 414 77 
508 592 1 
353 186 42 
906 261 76 
763 91 46 
231 406 10 
248 492 51 
785 919 1 
521 695 35 
525 412 81 
670 713 72 
505 302 74 
867 17 54 
909 72 2 
653 885 43 
84 344 82 
101 718 88 
411 344 56 
695 932 7 
384 616 70 
622 968 91 
601 786 42 
945 966 97 
21 555 78 
741 447 59 
22 347 41 
15 857 65 
213 211 97 
868 306 31 
627 801 42 
187 149 80 
69 443 82 
864 4 48 
246 872 67 
204 995 60 
154 224 61 
706 424 86 
402 665 51 
748 86 93 
424 358 73 
529 640 4 
715 461 89 
218 747 56 
304 595 76 
410 216 18 
217 812 12 
722 192 94 
295 257 75 
24 465 81 
59 550 84 
208 609 12 
251 562 7 
49 716 40 
72 861 39 
214 234 62 
837 95 17 
475 850 78 
795 223 60 
290 707 75 
909 814 69 
786 599 74 
295 771 30 
58 267 24 
868 324 74 
199 686 54 
255 830 62 
431 287 68 
517 67 96 
121 314 60 
3 241 21 
497 269 97 
753 281 96 
269 651 31 
146 579 63 
800 525 1 
390 104 96 
484 938 87 
677 588 67 
876 908 10 
390 884 22 
555 898 38 
493 602 60 
694 957 46 
242 914 32 
47 464 95 
104 309 43 
138 925 8 
345 501 19 
130 51 7 
850 330 35 
986 762 20 
351 410 81 
618 533 82 
488 726 92 
12 535 74 
370 996 30 
875 82 61 
384 35 13 
601 549 85 
60 107 41 
521 746 93 
241 383 23 
941 236 3 
534 859 6 
691 584 97 
2 215 51 
453 260 78 
248 75 9 
699 625 51 
437 809 30 
30 449 40 
196 678 81 
589 629 15 
32 786 11 
800 584 37 
489 834 67 
69 944 57 
892 942 26 
173 349 72 
135 263 81 
343 547 63 
79 438 71 
713 263 74 
24 23 7 
821 228 76 
255 384 39 
876 512 70 
162 448 1 
690 389 1 
437 34 73 
642 415 16 
767 472 92 
633 503 55 
595 688 53 
737 605 88 
838 712 20 
288 664 88 
47 356 53 
951 939 22 
378 771 84 
658 761 16 
289 582 37 
762 5 55 
716 30 72 
380 926 22 
98 854 4 
894 805 50 
915 210 94 
500 308 22 
266 173 75 
826 104 46 
532 938 53 
993 684 53 
817 64 86 
122 182 53 
949 277 28 
794 353 63 
408 136 20 
941 527 37 
114 998 13 
71 613 98 
50 757 53 
112 316 62 
569 911 25 
824 171 18 
203 758 41 
950 619 51 
812 562 51 
774 584 29 
165 321 81 
540 284 58 
819 394 47 
37 587 21 
274 985 73 
684 934 54 
376 261 13 
860 551 60 
61 197 67 
270 56 96 
389 637 100 
704 91 53 
163 342 80 
590 72 36 
330 271 67 
259 442 74 
926 692 7 
736 906 62 
673 994 61 
751 673 48 
157 493 40 
225 752 72 
124 259 52 
875 640 95 
102 858 86 
155 126 22 
528 48 78 
274 62 95 
564 492 51 
772 462 16 
103 357 34 
130 218 99 
327 214 82 
885 16 57 
286 239 67 
812 933 85 
680 889 67 
736 631 75 
265 347 13 
648 109 67 
803 280 50 
545 297 76 
553 607 34 
647 791 4 
455 862 79 
194 155 40 
465 118 39 
523 522 9 
100 767 99 
565 618 74 
978 932 70 
267 383 85 
963 622 99 
627 128 30 
380 929 47 
659 682 92 
112 247 91 
934 223 96 
115 728 53 
89 291 23 
668 131 12 
647 677 77 
968 865 39 
829 974 24 
180 914 47 
711 87 78 
837 725 85 
438 972 79 
862 205 51 
726 589 70 
455 100 34 
626 728 7 
453 741 99 
664 120 38 
528 821 69 
400 866 15 
115 860 100 
279 744 85 
10 217 25 
869 283 85 
51 510 14 
947 513 46 
737 367 68 
767 660 56 
569 824 78 
7 897 65 
818 45 45 
321 862 80 
54 888 42 
367 487 37 
847 463 53 
116 307 18 
532 36 97 
24 237 34 
381 874 92 
469 648 26 
788 407 41 
724 359 74 
778 201 73 
826 481 2 
660 449 2 
150 932 56 
327 813 40 
476 300 11 
439 987 30 
850 139 23 
946 103 86 
127 228 18 
242 429 32 
28 452 19 
144 616 61 
150 818 54 
536 811 25 
666 4 42 
516 969 52 
861 115 36 
378 422 49 
960 846 2 
290 529 70 
312 342 80 
300 136 30 
561 537 80 
466 925 97 
601 728 46 
473 220 24 
423 47 47 
859 244 53 
985 251 94 
768 260 85 
918 855 30 
926 158 100 
37 510 41 
473 786 6 
706 956 88 
646 678 36 
739 138 91 
124 548 63 
879 289 69 
777 814 54 
50 848 74 
677 522 76 
853 178 62 
740 987 46 
962 880 58 
267 129 96 
863 921 98 
570 5 20 
288 848 36 
908 48 55 
440 458 15 
951 399 97 
946 580 57 
294 822 49 
185 172 66 
53 456 13 
188 200 27 
870 441 5 
421 17 42 
632 479 19 
582 358 20 
892 943 25 
890 571 92 
104 24 15 
12 477 99 
806 353 22 
970 363 75 
823 323 23 
813 964 6 
672 612 63 
266 699 39 
87 951 41 
634 381 29 
801 56 26 
498 958 56 
23 320 77 
309 471 44 
447 587 4 
691 72 29 
772 579 30 
653 833 41 
697 207 36 
911 435 75 
65 471 66 
57 19 35 
147 755 20 
659 426 79 
324 51 83 
345 82 40 
460 224 91 
566 460 89 
43 550 80 
618 195 69 
266 789 65 
856 238 81 
692 174 98 
558 274 20 
352 642 12 
941 466 61 
10 397 94 
138 836 71 
899 394 70 
569 565 74 
131 379 10 
329 760 33 
154 668 52 
677 125 77 
165 164 93 
312 478 70 
473 559 65 
127 7 83 
603 996 7 
973 341 64 
760 388 94 
5 709 37 
532 406 29 
556 760 38 
998 426 53 
867 877 78 
512 262 42 
158 5 17 
66 49 36 
391 146 60 
531 850 28 
638 94 85 
346 272 9 
214 404 46 
451 907 17 
379 657 72 
341 451 26 
241 700 74 
853 741 54 
934 394 78 
259 671 43 
57 400 5 
316 37 15 
944 657 40 
214 302 11 
206 839 65 
358 324 70 
463 520 6 
740 351 43 
498 200 52 
434 824 12 
202 359 37 
989 593 97 
590 384 95 
493 46 33 
125 200 69 
96 635 50 
772 838 1 
474 190 19 
920 203 99 
747 222 40 
530 572 39 
361 598 87 
666 184 11 
227 58 21 
94 20 59 
147 479 10 
136 126 1 
338 372 65 
767 360 79 
908 193 9 
494 389 29 
903 643 95 
662 688 88 
361 866 84 
138 847 61 
365 648 58 
207 526 17 
633 133 66 
311 110 92 
270 22 23 
105 561 37 
771 273 45 
449 917 48 
350 445 56 
764 58 47 
405 160 94 
487 708 72 
996 954 53 
166 801 68 
641 271 90 
804 801 71 
153 957 65 
5 173 46 
852 200 7 
463 777 46 
577 242 25 
487 81 27 
165 55 73 
703 94 44 
734 289 54 
783 485 51 
106 156 5 
326 745 37 
247 185 82 
46 432 41 
648 907 88 
650 643 97 
178 416 42 
649 893 75 
945 360 24 
47 828 84 
976 164 36 
263 662 45 
755 103 30 
571 98 22 
484 576 90 
117 139 12 
941 620 30 
588 790 61 
758 781 98 
960 114 59 
251 916 48 
547 849 90 
618 516 38 
749 833 97 
431 366 60 
512 410 6 
2 108 32 
45 390 1 
188 575 94 
727 345 2 
488 821 47 
732 803 4 
304 452 81 
554 174 21 
52 66 85 
662 992 87 
217 82 63 
536 301 86 
723 101 68 
753 88 31 
753 623 41 
329 976 8 
994 564 36 
81 576 59 
469 435 23 
206 809 43 
335 861 16 
634 749 97 
189 268 62 
534 715 55 
415 926 67 
82 26 89 
819 912 25 
759 635 31 
273 92 92 
317 188 78 
354 109 49 
599 763 14 
541 496 41 
281 231 75 
14 839 81 
889 113 10 
707 158 32 
945 755 87 
290 498 62 
549 918 25 
878 65 79 
838 48 34 
487 387 39 
185 520 49 
603 363 30 
543 38 26 
4 445 10 
621 123 64 
307 247 63 
332 122 99 
531 148 82 
981 945 31 
924 777 68 
466 358 60 
348 398 35 
219 636 7 
545 149 80 
764 846 67 
152 795 53 
330 929 81 
755 366 66 
562 486 4 
909 275 80 
934 908 5 
586 510 25 
669 384 25 
33 98 34 
485 561 98 
84 475 66 
970 630 5 
595 730 57 
586 422 20 
915 320 44 
904 61 14 
560 383 41 
247 173 98 
205 113 14 
913 9 70 
451 555 4 
480 737 14 
900 388 27 
349 462 47 
41 449 81 
673 542 71 
399 285 27 
689 618 52 
49 121 60 
194 49 11 
878 176 2 
789 322 92 
994 694 92 
999 815 89 
698 188 63 
17 208 58 
565 900 36 
257 907 49 
990 89 39 
348 899 1 
959 979 97 
150 138 57 
716 621 18 
139 226 66 
249 869 51 
497 361 37 
202 6 15 
708 796 60 
503 417 5 
873 878 67 
700 177 64 
924 616 93 
746 590 19 
507 9 87 
349 530 26 
526 632 40 
30 80 64 
839 370 45 
31 61 70 
959 535 37 
683 863 23 
857 965 26 
371 721 33 
986 91 87 
567 950 71 
443 465 16 
770 856 92 
432 733 54 
857 399 13 
620 423 74 
480 125 19 
635 966 96 
641 111 30 
183 955 4 
979 717 83 
578 958 10 
465 208 74 
886 309 21 
221 736 17 
178 195 90 
741 213 75 
998 327 41 
440 806 29 
240 838 100 
452 312 51 
802 529 86 
543 107 74 
553 955 19 
614 275 50 
3 941 63 
166 691 71 
3 838 35 
510 475 21 
397 165 94 
287 260 82 
251 8 93 
956 27 3 
463 543 43 
748 151 2 
625 848 16 
593 575 27 
490 767 56 
766 743 71 
253 282 39 
39 125 92 
682 764 12 
816 381 21 
310 618 81 
622 510 78 
11 681 27 
162 520 39 
366 369 12 
677 520 32 
665 498 71 
539 21 60 
88 767 85 
130 910 37 
433 10 93 
323 542 51 
138 25 28 
100 889 12 
291 444 1 
943 771 3 
524 121 40 
713 527 18 
62 206 60 
301 370 99 
974 323 94 
489 640 6 
570 952 15 
766 326 48 
508 390 13 
177 552 15 
573 924 5 
123 517 65 
58 468 98 
771 991 59 
332 675 66 
953 8 69 
346 276 6 
47 308 85 
990 91 22 
465 670 100 
807 463 51 
690 642 47 
36 141 58 
732 237 12 
86 876 61 
456 350 66 
998 253 61 
893 136 60 
772 470 52 
285 332 14 
748 98 68 
954 918 41 
345 219 49 
627 261 59 
573 736 16 
183 272 47 
254 758 27 
873 851 36 
461 189 42 
17 790 35 
985 319 22 
962 432 80 
410 360 14 
848 214 89 
350 163 17 
692 449 19 
769 642 66 
78 991 65 
209 975 11 
394 431 15 
832 327 60 
872 760 92 
412 822 90 
968 294 42 
609 887 34 
952 231 78 
767 591 42 
19 234 11 
75 863 17 
96 855 85 
962 169 96 
38 102 56 
627 429 83 
706 647 32 
952 972 11 
62 411 100 
134 109 28 
393 301 34 
441 103 20 
518 903 55 
899 920 57 
614 726 51 
563 494 98 
195 895 32 
549 352 49 
888 999 31 
633 164 2 
747 477 85 
190 905 30 
74 130 46 
610 567 21 
242 397 25 
115 784 95 
989 796 68 
173 524 30 
894 314 91 
663 602 49 
315 968 46 
692 414 57 
559 911 14 
372 407 9 
8 51 78 
961 220 69 
63 781 93 
863 546 78 
101 632 87 
828 59 71 
860 159 63 
972 753 75 
259 241 31 
395 891 30 
450 582 85 
653 804 95 
508 318 93 
442 858 23 
558 296 75 
86 828 36 
170 105 77 
72 500 5 
805 374 23 
67 540 35 
705 655 64 
594 91 60 
352 439 8 
668 130 88 
701 187 82 
715 663 78 
341 768 66 
280 658 20 
994 264 90 
375 111 23 
996 609 73 
239 761 15 
255 747 90 
578 128 39 
867 699 75 
906 189 80 
622 982 91 
233 509 47 
263 460 79 
374 786 99 
751 395 26 
125 40 37 
471 709 93 
738 158 100 
562 604 100 
175 991 36 
777 442 65 
564 230 72 
270 440 97 
388 278 51 
75 627 29 
680 379 72 
403 754 72 
202 542 61 
454 325 20 
271 308 58 
793 199 20 
183 790 89 
214 917 73 
302 414 20 
634 134 21 
908 302 84 
250 33 72 
796 953 56 
295 284 99 
718 986 66 
700 892 100 
35 357 88 
240 645 58 
410 818 41 
580 994 90 
155 932 78 
463 630 28 
963 52 13 
695 702 70 
914 921 55 
312 112 25 
789 651 71 
767 592 46 
752 28 11 
38 880 55 
43 8 23 
834 777 74 
255 587 77 
6 637 19 
670 289 76 
570 82 68 
177 686 59 
854 793 79 
93 421 44 
501 496 33 
457 886 21 
407 143 91 
838 905 95 
898 587 67 
652 726 15 
475 657 45 
440 188 61 
697 763 74 
857 550 48 
870 363 48 
218 701 86 
154 939 96 
607 615 21 
762 901 86 
44 517 69 
82 452 3 
244 600 42 
502 323 82 
531 433 4 
70 917 39 
763 6 93 
490 827 88 
135 647 69 
260 412 14 
179 25 40 
665 804 23 
765 459 47 
640 432 26 
349 907 16 
560 883 25 
965 572 83 
20 894 29 
501 729 42 
244 200 27 
820 394 36 
608 872 97 
930 891 59 
384 292 40 
150 220 47 
155 727 17 
924 690 29 
534 601 79 
664 494 52 
674 868 7 
150 806 80 
147 423 30 
252 790 55 
325 484 74 
560 77 29 
62 985 19 
477 51 1 
4 720 66 
194 751 73 
922 964 100 
87 469 70 
33 551 30 
453 687 72 
47 352 96 
812 806 37 
679 265 77 
536 139 13 
547 128 14 
311 174 44 
538 903 73 
725 534 76 
738 468 64 
878 181 45 
400 592 29 
319 955 79 
747 165 9 
220 472 98 
293 630 48 
575 359 34 
481 184 91 
248 709 25 
214 255 76 
162 346 35 
224 109 48 
15 243 70 
789 47 67 
875 78 58 
726 599 94 
54 59 21 
167 869 98 
61 999 35 
551 472 99 
543 797 35 
946 793 13 
835 722 44 
216 608 20 
165 379 75 
536 293 50 
34 533 4 
751 649 87 
163 490 82 
853 994 69 
238 807 83 
939 592 43 
265 534 34 
880 2 2 
258 922 11 
329 721 2 
610 681 83 
794 557 64 
198 153 21 
149 197 79 
830 969 21 
414 54 92 
239 881 48 
345 511 7 
379 191 60 
597 368 80 
882 29 74 
520 405 51 
561 307 8 
704 827 63 
950 263 40 
51 724 13 
406 33 13 
60 16 100 
735 714 79 
108 687 33 
686 594 95 
523 45 29 
813 93 86 
935 862 18 
335 674 3 
886 616 69 
295 190 44 
343 913 49 
635 24 98 
527 849 65 
852 391 48 
40 249 62 
345 340 37 
952 142 91 
537 890 44 
250 297 12 
622 94 92 
97 528 39 
412 327 26 
63 796 50 
818 109 47 
604 811 61 
974 918 25 
450 2 11 
406 550 76 
513 618 4 
53 768 89 
518 220 38 
771 417 4 
312 95 74 
773 314 95 
75 315 73 
147 629 34 
330 865 67 
252 230 4 
854 552 1 
968 89 100 
529 953 58 
662 839 56 
402 480 5 
833 117 25 
570 364 3 
545 928 98 
916 459 94 
939 551 56 
807 1 4 
493 295 42 
335 696 44 
41 555 4 
329 739 56 
899 887 43 
570 870 48 
617 158 89 
795 487 88 
881 936 15 
522 419 53 
444 808 72 
780 759 78 
744 803 87 
193 726 86 
274 334 41 
691 445 60 
44 320 91 
634 153 23 
238 262 25 
874 541 88 
866 739 36 
541 555 64 
267 766 44 
812 978 54 
445 374 75 
105 307 32 
741 17 3 
54 756 20 
560 44 88 
125 731 18 
263 726 91 
237 31 27 
981 821 7 
723 646 55 
628 828 100 
585 374 19 
18 789 61 
627 984 80 
689 622 97 
31 960 72 
989 870 11 
421 567 3 
408 615 29 
536 342 97 
179 935 96 
247 104 94 
764 761 100 
939 765 51 
672 808 13 
283 304 43 
627 775 56 
117 684 56 
28 210 86 
979 388 22 
231 585 17 
401 418 26 
729 945 16 
330 651 82 
493 329 61 
535 897 85 
174 608 47 
942 630 43 
89 508 76 
630 381 6 
46 515 15 
923 628 33 
234 646 29 
204 500 55 
866 179 9 
692 131 100 
734 378 22 
287 603 55 
714 674 69 
747 254 32 
859 638 97 
189 585 23 
406 392 89 
688 752 74 
621 104 55 
431 362 87 
963 366 6 
418 94 53 
648 969 52 
859 113 20 
725 807 59 
60 945 90 
567 161 76 
965 85 1 
23 306 5 
459 588 12 
391 855 33 
728 724 9 
34 296 34 
422 110 34 
521 600 81 
443 592 40 
178 715 23 
576 960 95 
384 164 97 
462 556 23 
412 454 99 
571 215 59 
747 384 65 
61 865 25 
155 339 83 
464 650 34 
501 785 32 
636 960 90 
978 641 2 
133 940 18 
872 23 74 
585 876 10 
194 299 65 
192 163 59 
157 390 61 
26 859 97 
913 934 6 
100 163 9 
142 260 49 
742 242 68 
948 859 11 
154 33 78 
394 844 71 
399 884 56 
393 409 35 
782 330 31 
365 599 23 
291 855 41 
367 253 60 
267 509 89 
310 280 29 
346 732 64 
146 245 44 
718 473 60 
563 643 14 
182 140 77 
646 675 98 
432 769 44 
534 495 56 
812 221 69 
245 904 92 
835 497 64 
171 770 14 
852 954 81 
688 925 47 
600 800 92 
102 972 67 
508 922 27 
802 567 39 
686 895 52 
245 88 88 
538 39 77 
732 764 77 
139 622 10 
167 612 29 
48 433 71 
110 36 34 
492 249 9 
937 998 13 
884 809 68 
439 85 26 
783 68 23 
373 625 75 
493 278 93 
330 846 96 
218 198 77 
112 954 17 
685 552 69 
193 706 30 
306 711 69 
759 405 95 
239 528 82 
460 28 90 
69 532 64 
640 866 22 
141 370 32 
122 515 80 
29 272 17 
34 754 98 
79 524 34 
322 918 12 
846 716 73 
398 78 5 
35 467 80 
42 45 55 
187 240 89 
849 501 84 
2 51 72 
16 427 10 
559 653 3 
506 116 3 
85 845 66 
31 194 16 
615 209 60 
333 306 97 
920 92 74 
74 264 74 
424 132 85 
678 866 42 
755 206 34 
4 128 89 
864 408 27 
97 621 70 
297 489 35 
629 32 66 
854 208 42 
46 112 82 
698 734 4 
90 8 13 
487 663 31 
870 994 14 
259 973 63 
251 843 43 
412 567 9 
837 921 21 
367 674 99 
452 127 81 
353 267 22 
786 719 70 
300 10 98 
991 703 27 
702 262 100 
750 555 52 
178 429 22 
767 30 7 
776 179 15 
103 622 68 
373 950 13 
456 4 94 
136 849 81 
966 841 70 
903 265 67 
527 952 84 
519 116 99 
146 906 44 
117 288 76 
877 998 62 
359 949 59 
492 848 77 
573 592 56 
930 760 24 
944 945 26 
148 719 26 
906 366 41 
647 827 54 
870 231 9 
967 842 54 
459 34 16 
870 887 24 
570 741 21 
474 720 36 
275 207 21 
36 756 95 
262 22 10 
785 488 96 
43 716 55 
533 606 94 
782 698 7 
918 735 38 
965 719 6 
888 708 7 
933 405 74 
757 221 4 
493 548 64 
367 424 9 
150 768 68 
785 671 68 
350 35 13 
945 507 11 
456 248 57 
992 860 54 
185 617 61 
597 312 44 
457 930 34 
677 737 83 
299 954 5 
737 105 17 
838 21 27 
112 147 11 
592 793 7 
784 581 6 
544 750 88 
500 835 55 
893 336 41 
307 305 25 
87 124 90 
446 629 58 
259 583 58 
206 176 83 
316 196 66 
10 265 77 
146 601 31 
109 447 62 
579 496 30 
796 692 76 
737 985 24 
901 333 24 
353 622 79 
332 823 85 
222 553 29 
719 652 85 
353 218 92 
196 943 65 
856 298 43 
557 6 44 
913 564 26 
450 523 85 
527 92 65 
295 744 81 
71 62 90 
445 797 39 
281 283 11 
363 823 45 
166 684 50 
488 408 25 
501 294 54 
326 317 38 
817 263 13 
899 742 69 
325 220 37 
427 851 5 
122 356 91 
945 799 84 
700 690 20 
448 255 21 
292 539 26 
206 301 81 
18 326 19 
640 989 6 
378 594 32 
8 334 57 
742 305 9 
662 548 93 
398 230 60 
706 964 98 
140 283 30 
724 940 13 
729 805 96 
680 631 19 
819 186 61 
408 309 30 
664 753 78 
446 661 45 
388 81 33 
136 621 39 
712 753 59 
89 611 62 
424 692 17 
879 411 26 
835 184 13 
677 643 36 
433 478 12 
797 882 28 
266 138 34 
30 315 24 
942 195 2 
578 676 11 
205 527 52 
57 228 29 
262 417 15 
62 342 82 
165 304 8 
710 726 1 
338 330 40 
761 288 69 
770 321 11 
875 270 39 
353 785 49 
955 21 63 
671 161 48 
880 911 3 
187 113 24 
921 569 5 
846 778 97 
167 495 51 
559 772 8 
456 15 88 
311 627 70 
477 907 9 
526 170 7 
529 220 49 
535 534 71 
353 877 97 
428 181 36 
129 860 6 
353 398 66 
855 825 65 
586 759 76 
906 283 12 
290 350 87 
595 70 17 
70 21 11 
475 673 57 
665 559 73 
657 830 15 
293 241 49 
867 841 96 
257 500 3 
911 118 47 
354 460 90 
980 157 12 
727 514 54 
775 3 65 
222 411 12 
795 147 85 
359 371 54 
74 23 13 
609 34 19 
709 400 55 
94 72 24 
559 543 81 
500 287 71 
364 494 58 
706 48 33 
88 553 1 
879 343 64 
867 974 59 
683 796 82 
798 79 85 
692 375 30 
17 46 83 
727 864 19 
502 766 15 
765 461 86 
431 359 31 
388 161 1 
254 962 63 
842 801 86 
379 72 18 
730 149 64 
352 310 40 
95 212 55 
31 628 65 
468 910 52 
76 804 3 
108 577 94 
8 871 43 
816 326 20 
45 462 67 
2 85 86 
611 832 82 
892 583 69 
970 573 94 
118 795 76 
91 772 79 
102 339 53 
281 888 66 
525 39 78 
74 982 71 
457 285 4 
678 987 55 
997 402 61 
598 692 41 
342 997 74 
4 129 89 
211 588 85 
270 843 80 
705 970 23 
143 839 50 
103 192 71 
500 583 60 
542 813 58 
331 936 21 
762 450 40 
280 409 28 
443 393 2 
66 446 51 
893 40 81 
86 357 10 
492 773 30 
672 675 2 
189 369 14 
101 432 84 
237 644 10 
431 857 18 
940 702 65 
195 911 69 
833 116 18 
848 375 22 
392 73 42 
655 363 65 
209 898 92 
332 194 58 
119 533 100 
435 470 22 
471 364 77 
15 491 1 
125 191 81 
198 157 69 
531 750 41 
14 189 7 
965 33 46 
665 455 15 
302 140 97 
35 966 86 
158 719 66 
390 586 62 
161 227 77 
125 382 15 
974 33 86 
540 656 44 
155 28 15 
482 266 85 
421 967 18 
721 291 98 
439 56 82 
548 616 92 
323 694 40 
829 885 48 
221 628 38 
373 835 87 
916 640 13 
148 93 49 
830 162 3 
266 591 80 
495 5 62 
455 408 30 
447 514 84 
738 319 75 
545 394 30 
230 633 18 
140 983 48 
554 225 44 
511 746 56 
69 131 2 
112 497 67 
408 479 30 
608 474 33 
689 371 11 
422 599 20 
329 969 66 
12 868 26 
871 568 78 
807 952 2 
169 765 77 
13 462 13 
442 391 89 
475 810 17 
978 723 6 
477 525 78 
284 89 88 
45 688 42 
796 364 15 
147 708 59 
220 355 82 
749 40 83 
432 776 66 
172 555 18 
760 939 45 
975 354 64 
28 343 60 
736 767 9 
951 557 79 
228 946 98 
743 296 17 
14 886 71 
825 306 57 
255 82 19 
101 501 65 
598 710 75 
388 393 69 
582 50 41 
291 184 10 
289 809 24 
795 175 11 
218 643 50 
244 849 23 
141 182 6 
427 774 1 
686 832 66 
358 734 70 
238 5 39 
545 855 4 
477 666 78 
360 828 17 
859 743 24 
49 496 100 
661 843 9 
778 864 56 
156 825 44 
396 510 58 
510 446 56 
974 194 34 
534 898 88 
469 15 79 
495 516 74 
544 305 44 
267 419 72 
754 299 8 
262 112 9 
584 919 83 
289 763 58 
715 343 55 
662 530 46 
760 411 43 
731 706 75 
997 886 43 
975 872 5 
931 951 40 
237 791 46 
148 791 19 
453 179 42 
349 41 17 
675 749 54 
17 68 95 
102 15 79 
413 453 63 
487 590 49 
455 68 48 
386 362 29 
644 174 80 
746 329 90 
57 290 5 
441 320 26 
556 824 1 
764 467 85 
819 481 64 
729 660 63 
162 362 55 
95 56 100 
61 204 57 
880 827 38 
271 446 87 
938 363 47 
524 60 87 
803 966 76 
148 412 91 
741 965 55 
670 953 38 
828 248 78 
913 625 64 
26 46 83 
59 519 96 
186 525 44 
18 247 79 
296 156 12 
420 995 58 
913 241 10 
701 249 6 
202 166 52 
89 440 53 
127 111 63 
508 471 44 
623 53 52 
57 153 31 
977 49 32 
524 4 55 
868 529 71 
903 400 14 
772 255 47 
152 31 26 
600 131 34 
444 747 48 
37 200 46 
533 75 8 
648 706 46 
882 728 38 
993 168 35 
355 733 20 
36 894 55 
318 791 28 
311 903 29 
929 885 65 
751 809 11 
769 521 30 
42 313 98 
860 562 57 
515 754 39 
23 973 40 
260 591 36 
692 292 43 
844 161 11 
524 507 55 
474 619 71 
192 145 13 
398 755 3 
700 429 48 
349 589 92 
9 61 26 
541 19 67 
471 464 74 
113 285 31 
273 677 16 
263 387 46 
252 995 70 
616 882 68 
643 626 99 
659 370 63 
694 985 55 
172 781 89 
909 542 12 
995 216 100 
950 271 83 
991 810 1 
111 757 35 
66 169 25 
603 937 12 
845 69 93 
724 133 81 
16 325 45 
797 570 87 
618 853 27 
750 270 34 
657 116 13 
386 251 5 
427 305 56 
14 610 53 
718 206 40 
148 301 56 
175 38 32 
132 935 91 
718 306 69 
332 249 61 
330 875 29 
663 782 96 
630 588 93 
454 406 75 
389 670 90 
704 388 24 
961 972 30 
223 211 4 
618 928 19 
928 632 25 
279 672 74 
30 916 82 
772 519 76 
289 928 43 
392 799 56 
858 78 48 
312 874 76 
759 429 14 
700 576 63 
323 496 45 
695 657 29 
750 895 34 
117 625 93 
139 323 38 
697 90 31 
104 65 22 
474 35 31 
842 605 61 
782 17 9 
284 17 42 
985 804 63 
956 233 90 
624 232 81 
952 590 77 
70 882 92 
995 595 51 
592 480 28 
26 960 74 
764 694 90 
462 60 34 
421 322 31 
412 397 31 
173 122 4 
693 964 27 
866 543 70 
824 410 56 
141 317 17 
127 641 41 
898 563 7 
691 483 50 
923 327 10 
446 750 43 
515 18 62 
299 144 53 
367 924 26 
679 383 97 
104 924 86 
621 511 57 
392 477 5 
781 72 16 
226 478 7 
919 357 40 
955 55 56 
261 708 73 
840 55 93 
206 156 70 
682 316 14 
529 970 13 
639 343 29 
489 996 68 
770 831 40 
445 431 2 
606 349 95 
245 74 42 
68 854 95 
91 473 58 
166 979 43 
787 870 74 
841 969 37 
910 453 42 
597 841 42 
450 401 49 
183 122 92 
795 894 19 
719 82 76 
236 338 4 
210 346 68 
505 890 23 
743 49 19 
990 17 83 
954 604 83 
101 986 52 
426 492 89 
390 550 32 
814 198 95 
526 856 49 
328 744 50 
951 434 84 
920 384 36 
88 951 3 
303 812 46 
136 414 99 
489 566 85 
131 896 25 
670 414 49 
810 957 22 
239 194 57 
329 675 9 
510 36 69 
214 463 69 
122 304 51 
975 107 31 
713 196 4 
87 395 8 
511 72 80 
258 186 10 
948 513 5 
563 759 85 
781 186 73 
241 974 87 
6 849 6 
636 487 27 
49 922 28 
144 300 70 
363 746 63 
973 258 37 
194 433 11 
443 836 75 
708 791 53 
105 114 94 
634 342 33 
268 172 36 
246 432 71 
56 277 60 
756 428 7 
375 286 7 
441 995 19 
145 482 8 
746 551 86 
996 987 35 
807 515 19 
179 29 15 
900 943 94 
881 479 96 
379 915 81 
217 379 42 
60 205 30 
899 527 75 
475 736 33 
424 572 38 
566 462 40 
451 899 4 
423 718 69 
630 614 64 
708 464 2 
898 988 97 
343 669 18 
46 760 23 
880 890 32 
153 389 78 
375 344 43 
825 726 87 
144 385 64 
827 538 27 
195 976 65 
822 566 96 
121 738 78 
376 840 65 
353 681 100 
250 229 28 
677 214 49 
416 878 99 
643 906 96 
907 569 81 
40 912 87 
522 918 13 
697 723 41 
689 256 28 
221 907 44 
86 975 7 
828 513 76 
788 676 19 
523 127 14 
214 478 96 
186 154 51 
131 997 63 
275 954 77 
257 869 50 
391 448 84 
865 803 2 
341 433 71 
713 70 30 
609 676 37 
960 626 10 
960 206 91 
67 194 43 
788 384 19 
144 350 85 
960 255 97 
992 636 3 
762 892 2 
263 81 15 
418 256 81 
183 253 89 
242 720 2 
579 84 83 
750 395 59 
990 865 6 
144 913 98 
876 649 93 
154 566 93 
16 515 94 
674 128 41 
690 808 88 
335 362 23 
736 309 33 
46 241 42 
829 664 45 
608 580 75 
109 727 21 
320 432 40 
214 637 34 
645 188 49 
769 381 36 
97 33 13 
260 489 93 
537 840 86 
378 929 33 
847 438 19 
230 441 6 
253 114 62 
130 343 43 
63 176 38 
44 889 82 
994 506 1 
698 524 76 
297 909 51 
352 978 21 
972 600 21 
924 224 77 
629 354 1 
902 541 55 
670 152 60 
558 788 81 
768 707 85 
369 946 6 
757 172 56 
630 277 77 
404 532 30 
612 405 58 
151 786 17 
516 794 93 
494 24 58 
131 484 21 
502 213 11 
881 63 46 
628 441 20 
64 8 57 
400 589 16 
606 290 64 
86 407 91 
594 767 69 
581 567 45 
454 559 63 
409 257 27 
203 629 23 
724 30 35 
445 864 40 
877 940 91 
329 821 79 
660 500 67 
567 238 56 
5 40 80 
540 647 16 
685 496 26 
843 563 83 
89 707 79 
120 405 70 
989 217 46 
666 925 15 
264 977 64 
946 664 75 
255 561 40 
69 309 91 
222 638 13 
824 13 33 
653 821 36 
953 757 69 
732 241 73 
327 445 98 
486 802 59 
758 343 71 
777 336 53 
50 561 41 
556 516 20 
894 223 28 
472 510 32 
68 489 44 
989 323 88 
470 822 34 
813 494 12 
610 465 25 
436 854 20 
699 870 50 
732 220 3 
389 54 41 
670 393 75 
63 337 15 
205 715 23 
604 200 64 
421 422 24 
973 139 1 
213 660 96 
146 201 8 
607 3 33 
495 512 47 
559 915 28 
72 250 34 
608 449 39 
368 734 22 
817 706 74 
671 702 33 
366 739 13 
707 387 4 
821 525 12 
958 921 48 
135 106 91 
897 526 40 
506 469 54 
364 524 80 
217 719 38 
189 45 85 
608 694 32 
373 842 9 
41 12 28 
318 451 48 
258 489 90 
88 410 76 
89 800 8 
821 58 93 
793 150 75 
178 526 91 
189 1 28 
134 797 80 
577 631 2 
243 49 18 
207 922 71 
171 898 35 
282 897 30 
461 860 70 
653 444 83 
121 905 79 
916 217 70 
336 360 26 
464 147 25 
240 24 48 
773 395 35 
331 318 68 
236 785 95 
414 645 94 
661 271 80 
210 494 84 
675 864 87 
860 903 12 
271 212 57 
217 606 79 
726 838 74 
316 955 41 
873 547 37 
202 17 100 
26 193 62 
842 747 40 
843 771 11 
260 546 37 
500 819 22 
239 940 47 
222 432 61 
691 272 54 
149 172 33 
460 964 56 
893 643 62 
370 484 19 
254 419 4 
456 614 77 
954 923 37 
273 412 30 
72 723 91 
790 348 59 
734 391 30 
507 394 25 
294 313 25 
858 300 65 
551 57 23 
447 589 66 
241 514 35 
672 535 46 
72 11 19 
481 311 49 
377 971 76 
681 928 11 
259 812 36 
7 576 20 
152 816 36 
419 144 91 
315 651 58 
365 736 14 
672 72 40 
597 161 19 
520 144 9 
169 361 100 
547 210 99 
696 986 37 
744 967 79 
97 588 80 
776 98 63 
252 43 72 
472 627 33 
961 623 30 
409 631 21 
208 963 100 
766 622 18 
488 428 94 
255 516 82 
707 986 37 
874 142 49 
260 920 57 
469 503 61 
315 941 84 
453 719 61 
439 282 8 
855 700 28 
681 5 3 
152 186 13 
934 955 13 
446 508 12 
826 153 72 
706 363 30 
985 220 13 
343 588 59 
698 301 53 
801 708 22 
95 715 61 
535 972 100 
871 934 19 
473 920 42 
826 566 46 
965 766 6 
151 993 19 
546 895 86 
420 844 1 
44 445 85 
342 708 58 
347 562 8 
802 434 63 
77 964 38 
760 763 43 
868 878 97 
963 749 87 
213 992 36 
769 77 22 
344 253 1 
270 666 57 
296 669 94 
597 309 45 
255 791 79 
148 754 6 
706 593 39 
990 824 49 
539 396 98 
561 932 81 
452 35 51 
201 663 38 
683 4 44 
11 285 69 
601 568 10 
68 275 35 
80 577 50 
262 919 42 
346 389 63 
494 320 62 
351 197 60 
264 707 30 
276 788 82 
227 546 41 
844 332 100 
651 179 65 
778 570 87 
24 391 10 
880 519 69 
601 602 25 
33 326 65 
354 107 33 
840 398 91 
126 370 7 
109 128 31 
950 646 12 
626 123 66 
442 148 65 
478 210 98 
938 66 83 
889 854 23 
640 809 22 
619 538 18 
858 439 6 
457 784 6 
888 454 93 
247 164 53 
938 388 33 
724 572 33 
685 453 55 
3 433 80 
714 27 26 
25 702 44 
975 114 71 
175 929 92 
807 921 30 
828 56 14 
897 747 27 
163 821 100 
571 661 81 
571 176 58 
470 682 26 
331 316 84 
144 123 60 
469 474 86 
278 422 83 
662 678 92 
221 186 11 
657 823 16 
185 481 7 
249 187 52 
199 11 42 
914 628 74 
328 807 93 
549 26 13 
526 541 22 
932 548 73 
542 347 25 
942 550 78 
354 921 20 
754 548 4 
26 427 72 
18 302 58 
888 545 81 
162 884 44 
877 343 82 
474 712 34 
501 543 89 
753 394 39 
548 147 60 
501 239 87 
525 83 70 
742 676 29 
154 903 75 
102 707 48 
633 790 25 
707 492 45 
688 403 20 
789 971 21 
849 605 28 
402 851 99 
529 141 67 
326 968 19 
165 339 21 
573 49 43 
220 75 57 
231 735 45 
673 867 34 
739 147 67 
122 194 25 
507 487 33 
71 691 99 
141 769 32 
740 199 3 
34 413 99 
208 121 62 
502 104 69 
657 264 55 
399 258 81 
415 607 63 
14 956 44 
441 168 76 
172 221 80 
998 817 76 
415 162 31 
219 853 94 
388 559 65 
363 73 65 
546 630 11 
498 694 57 
616 199 33 
675 434 34 
631 155 94 
765 126 19 
718 433 29 
184 537 45 
978 124 74 
535 111 32 
267 680 96 
738 16 6 
50 961 62 
720 754 60 
992 909 43 
104 257 97 
863 191 76 
558 710 6 
642 198 90 
676 330 47 
345 565 22 
834 688 58 
789 401 64 
299 922 51 
895 280 43 
640 890 94 
878 308 85 
93 81 37 
815 539 41 
83 991 15 
271 39 7 
291 962 61 
768 237 69 
799 817 71 
559 564 66 
521 96 56 
327 423 53 
125 651 95 
102 914 32 
945 354 2 
83 693 41 
30 816 66 
704 577 89 
160 816 44 
328 879 64 
413 499 85 
867 658 35 
805 199 18 
483 114 83 
346 893 73 
429 148 68 
50 139 64 
281 35 94 
412 81 41 
600 141 65 
11 878 42 
247 499 44 
499 68 90 
633 691 28 
101 328 27 
152 51 21 
597 756 57 
422 512 20 
733 659 6 
771 896 93 
390 438 9 
850 869 91 
486 816 30 
321 86 45 
197 733 23 
820 827 46 
922 710 88 
118 621 31 
950 465 98 
908 710 38 
527 867 69 
701 389 27 
894 956 70 
260 791 54 
599 719 50 
445 809 99 
382 322 62 
379 373 73 
4 971 39 
346 128 4 
204 909 53 
206 235 28 
938 924 17 
609 268 28 
96 938 85 
11 689 55 
140 113 53 
571 563 17 
529 145 57 
176 907 100 
957 915 20 
967 389 56 
789 175 61 
928 66 7 
873 855 84 
666 498 3 
344 643 82 
124 178 58 
822 399 32 
835 130 51 
212 606 92 
210 191 45 
409 399 3 
191 44 56 
774 818 67 
885 405 63 
83 665 89 
731 983 22 
179 821 78 
262 838 68 
362 493 16 
112 833 87 
636 618 50 
409 619 1 
684 426 50 
532 572 6 
207 64 64 
326 406 43 
205 298 90 
577 653 78 
756 170 72 
173 189 27 
10 15 58 
497 208 47 
750 808 91 
969 343 85 
325 132 24 
468 890 37 
35 69 70 
815 812 26 
189 952 79 
103 292 21 
259 659 83 
454 142 74 
252 122 57 
829 261 15 
438 173 81 
246 319 76 
140 959 98 
198 316 46 
483 139 44 
435 703 70 
102 32 99 
615 171 76 
588 376 9 
3 916 79 
713 390 45 
461 141 86 
468 61 75 
811 77 44 
689 221 14 
461 161 49 
501 123 9 
778 7 44 
731 641 44 
686 425 87 
130 529 24 
554 520 1 
365 1 73 
297 554 41 
327 595 66 
130 814 96 
645 889 45 
587 580 86 
972 497 97 
891 53 17 
883 583 1 
213 542 10 
592 383 27 
770 330 58 
897 515 32 
639 785 53 
267 760 16 
198 572 74 
369 766 7 
730 258 55 
585 480 50 
622 848 45 
557 518 41 
522 611 80 
129 326 5 
470 518 32 
245 138 67 
845 740 95 
816 623 25 
715 259 76 
132 608 24 
845 672 80 
299 903 77 
364 792 13 
721 227 51 
259 153 50 
561 444 93 
829 423 62 
120 235 54 
886 432 95 
910 482 82 
941 119 61 
104 54 41 
444 777 41 
173 53 66 
484 263 14 
398 547 62 
323 635 61 
820 274 74 
263 313 4 
568 384 70 
416 218 64 
453 14 82 
645 894 92 
32 546 80 
206 935 1 
235 701 83 
804 983 57 
763 501 61 
829 710 100 
762 795 63 
154 126 86 
767 494 94 
534 979 35 
836 421 50 
116 691 60 
316 228 23 
71 82 30 
500 460 24 
927 211 42 
998 204 32 
385 388 67 
88 757 4 
71 779 49 
748 857 76 
495 808 97 
574 515 41 
413 478 71 
320 589 37 
950 141 9 
115 896 99 
772 202 28 
910 249 10 
276 461 18 
107 128 88 
79 101 59 
967 239 30 
651 790 77 
551 338 77 
587 631 17 
417 916 25 
227 171 11 
305 205 25 
542 604 61 
763 643 79 
226 201 29 
700 37 84 
160 687 27 
447 74 3 
608 847 9 
892 11 90 
749 437 6 
14 352 57 
130 833 80 
947 327 11 
696 606 12 
945 9 10 
873 641 1 
685 802 46 
466 958 2 
671 614 67 
821 931 98 
751 941 98 
107 502 34 
702 549 85 
122 976 29 
477 334 99 
17 567 46 
871 357 58 
896 210 47 
415 867 76 
17 293 44 
204 786 66 
221 512 77 
652 772 61 
228 736 86 
117 707 35 
501 404 76 
701 343 47 
845 105 79 
472 717 53 
844 21 12 
924 748 57 
665 814 91 
743 396 92 
132 751 41 
48 60 6 
500 638 5 
717 341 23 
629 736 18 
460 11 10 
939 786 60 
865 249 4 
76 832 31 
869 601 48 
413 7 40 
520 571 71 
369 534 67 
725 102 25 
939 952 83 
454 319 21 
887 344 55 
149 177 79 
404 445 96 
856 906 65 
434 49 45 
974 284 78 
535 118 56 
699 284 35 
504 536 8 
109 919 20 
834 718 24 
915 989 58 
776 143 21 
836 704 72 
497 227 14 
429 103 98 
56 509 91 
620 494 33 
83 907 25 
637 144 56 
795 225 59 
400 692 96 
331 785 62 
547 594 35 
30 775 74 
938 433 92 
566 677 26 
924 2 91 
217 29 14 
54 839 48 
725 548 60 
101 379 42 
276 941 33 
515 166 97 
999 159 20 
231 667 90 
262 751 88 
697 362 91 
345 573 94 
452 61 55 
971 970 80 
352 673 77 
675 99 15 
246 506 73 
319 975 50 
505 914 61 
63 720 52 
96 198 84 
375 450 90 
272 625 66 
665 182 79 
948 547 12 
507 397 76 
429 475 75 
324 29 95 
831 172 35 
907 727 24 
923 696 33 
31 590 100 
932 625 95 
957 645 88 
853 14 1 
594 796 28 
303 479 78 
832 826 7 
150 227 26 
964 522 70 
407 196 73 
958 21 22 
966 126 87 
803 703 94 
979 485 8 
325 455 95 
913 604 99 
27 314 95 
56 803 6 
641 210 23 
989 431 39 
600 133 27 
819 455 63 
440 151 88 
440 378 50 
174 184 12 
299 694 25 
118 138 84 
80 651 91 
14 338 17 
785 744 55 
529 571 34 
684 789 17 
951 997 31 
866 17 38 
592 352 7 
786 24 99 
444 144 60 
947 967 49 
32 282 55 
570 232 20 
891 164 5 
829 855 39 
953 633 81 
366 735 69 
171 60 84 
703 162 36 
962 734 2 
956 644 41 
866 474 36 
965 616 50 
680 648 71 
543 465 24 
499 470 43 
704 503 82 
877 377 33 
112 310 36 
83 412 14 
102 317 2 
152 388 95 
810 111 55 
496 948 19 
578 165 80 
414 256 47 
671 543 39 
432 70 41 
897 941 14 
521 259 61 
695 626 7 
458 831 96 
778 406 86 
417 651 89 
943 884 88 
680 820 88 
366 202 64 
103 460 100 
629 227 80 
190 225 3 
73 339 60 
691 682 80 
779 407 31 
126 652 5 
642 55 20 
973 94 5 
431 702 77 
998 936 64 
48 262 62 
279 603 87 
933 505 78 
726 866 46 
856 623 70 
975 363 89 
960 956 32 
309 867 57 
437 656 23 
851 46 40 
63 114 10 
340 745 23 
302 994 76 
428 574 31 
403 971 54 
27 357 15 
739 315 54 
508 34 6 
482 978 83 
172 661 97 
194 370 28 
33 503 2 
146 170 8 
769 415 11 
826 1 80 
377 540 15 
584 487 79 
922 789 52 
16 750 65 
933 518 27 
562 209 23 
333 839 26 
547 568 26 
703 818 76 
70 283 4 
890 923 76 
601 233 27 
553 643 34 
774 916 47 
457 638 24 
661 766 45 
709 112 78 
403 83 27 
509 562 10 
338 10 19 
482 202 30 
638 778 77 
588 106 79 
810 723 53 
170 343 27 
586 206 67 
203 980 36 
833 773 99 
566 723 81 
854 850 68 
620 912 77 
347 74 12 
835 257 3 
859 234 7 
310 144 32 
105 286 32 
218 667 34 
619 545 75 
407 209 45 
937 548 93 
832 203 81 
633 304 7 
853 492 59 
660 524 9 
20 891 7 
90 802 33 
901 947 7 
468 726 99 
113 694 74 
79 216 76 
439 196 20 
110 800 39 
85 528 54 
637 266 70 
331 512 19 
385 351 76 
217 628 40 
857 992 83 
463 62 55 
165 852 31 
5 172 52 
48 463 81 
530 989 98 
846 620 81 
975 26 100 
398 167 61 
744 799 53 
219 140 3 
664 602 16 
728 231 1 
532 912 80 
32 477 6 
394 118 82 
209 478 4 
126 948 65 
342 21 49 
718 580 99 
18 753 85 
404 751 19 
587 773 28 
470 351 41 
726 228 64 
554 711 8 
715 326 51 
508 580 89 
272 711 89 
490 903 46 
140 72 77 
258 648 48 
260 761 82 
121 592 68 
194 771 46 
693 281 11 
69 321 93 
432 40 8 
395 600 95 
81 252 12 
342 5 84 
541 535 58 
139 569 3 
470 628 55 
335 775 25 
809 370 94 
661 807 74 
110 252 6 
30 70 20 
102 736 93 
975 191 84 
144 465 5 
260 935 91 
664 630 13 
903 569 53 
608 471 44 
239 136 66 
457 225 45 
461 278 43 
397 194 87 
270 605 100 
17 670 26 
880 197 99 
295 955 13 
246 472 56 
98 239 15 
488 135 53 
572 146 63 
707 404 84 
510 90 30 
655 359 79 
761 720 19 
752 750 5 
980 52 92 
436 523 65 
715 271 82 
588 604 25 
888 341 38 
798 361 39 
298 575 95 
502 433 41 
506 529 27 
526 864 71 
422 815 85 
745 617 79 
814 583 44 
268 875 44 
53 242 6 
466 650 83 
962 684 61 
112 698 14 
699 794 65 
963 225 27 
882 673 75 
718 820 19 
24 908 38 
85 77 45 
606 223 55 
696 525 64 
941 29 42 
20 219 93 
378 542 16 
685 586 3 
794 189 51 
646 601 18 
477 101 84 
344 29 16 
602 658 22 
558 941 52 
22 118 77 
228 956 93 
639 266 50 
6 350 86 
266 582 80 
758 742 62 
210 417 95 
359 522 27 
133 310 40 
7 238 88 
930 428 3 
974 265 49 
832 838 29 
637 582 19 
392 759 16 
729 978 77 
723 526 40 
697 285 52 
207 961 27 
814 256 1 
962 785 88 
48 541 15 
834 48 83 
88 285 19 
521 679 77 
982 567 62 
263 483 75 
547 914 12 
454 372 53 
756 952 86 
235 92 46 
562 198 76 
538 251 76 
628 489 75 
112 758 6 
879 477 21 
38 784 88 
325 270 84 
642 260 17 
508 880 65 
427 197 6 
897 838 4 
489 944 31 
153 655 24 
259 255 31 
627 19 87 
382 563 98 
736 795 92 
692 109 6 
343 838 72 
92 859 46 
495 254 7 
549 843 4 
662 328 32 
317 642 39 
581 564 31 
170 843 93 
146 469 34 
254 178 43 
294 933 37 
727 191 8 
203 317 61 
272 322 12 
962 793 57 
651 190 1 
908 588 62 
791 624 73 
132 178 43 
573 75 65 
310 384 99 
455 55 91 
772 438 14 
203 677 77 
77 170 95 
786 537 50 
441 574 85 
486 93 15 
298 593 3 
710 115 68 
683 411 2 
290 229 80 
613 278 97 
563 976 14 
606 801 33 
639 303 22 
164 14 87 
420 199 94 
713 167 95 
449 376 97 
887 913 7 
832 6 93 
80 110 23 
77 330 68 
187 936 2 
597 267 80 
980 323 78 
538 309 95 
164 621 64 
832 890 22 
429 846 55 
636 682 33 
103 503 96 
722 748 83 
504 447 50 
17 395 5 
240 234 52 
124 814 25 
232 137 59 
37 684 50 
312 701 14 
480 530 94 
51 308 87 
819 12 78 
731 157 88 
873 150 68 
550 480 28 
36 473 54 
983 703 82 
552 351 81 
235 657 60 
18 525 36 
440 853 3 
75 113 11 
557 126 74 
200 8 71 
144 143 19 
172 508 20 
622 955 29 
563 146 85 
311 734 82 
243 327 91 
502 773 45 
333 905 90 
328 135 90 
872 341 36 
438 71 78 
443 518 35 
647 383 77 
404 842 27 
91 950 4 
315 217 81 
546 385 74 
724 500 45 
155 975 23 
569 292 60 
282 737 66 
890 172 98 
650 532 80 
631 940 43 
341 155 84 
248 429 63 
804 968 20 
573 848 36 
383 528 57 
318 557 34 
568 872 86 
318 683 77 
996 685 13 
924 808 68 
805 976 69 
364 208 88 
54 64 17 
915 224 50 
787 523 91 
490 234 79 
14 752 44 
153 779 50 
278 314 81 
518 808 20 
841 960 76 
217 561 52 
437 878 86 
188 7 45 
302 772 2 
885 294 74 
330 952 76 
621 589 1 
552 149 28 
201 517 16 
81 728 67 
663 753 87 
255 163 98 
133 549 35 
180 250 40 
305 437 61 
545 753 9 
248 513 84 
416 345 7 
627 248 57 
992 171 4 
845 354 89 
336 15 78 
271 458 38 
677 822 53 
394 553 38 
530 807 22 
287 941 27 
296 183 3 
289 555 92 
83 818 77 
995 921 45 
81 117 50 
303 354 75 
920 804 78 
678 199 10 
277 413 52 
53 993 36 
468 306 72 
494 970 6 
807 906 26 
126 776 38 
505 672 61 
828 5 24 
706 498 30 
623 902 71 
145 914 29 
668 492 55 
820 31 35 
811 786 78 
292 596 39 
173 27 5 
418 167 51 
36 101 72 
219 961 41 
204 166 61 
238 316 39 
20 430 64 
44 939 84 
762 476 88 
763 444 67 
597 356 28 
775 81 66 
360 957 21 
556 466 40 
539 862 66 
708 927 84 
404 675 64 
700 773 86 
677 295 60 
17 189 88 
154 512 76 
9 280 91 
336 516 46 
25 830 49 
23 762 46 
957 860 48 
630 679 46 
720 380 58 
330 471 57 
922 346 57 
990 874 66 
791 185 73 
382 163 77 
670 462 77 
168 843 48 
381 926 18 
604 707 96 
597 772 50 
52 966 89 
588 279 90 
527 837 78 
993 2 96 
996 183 67 
932 551 44 
695 586 26 
166 291 47 
664 159 12 
340 516 12 
260 123 28 
307 829 94 
952 166 51 
686 5 66 
538 878 78 
423 540 55 
113 4 84 
603 806 90 
568 427 49 
506 868 11 
952 263 56 
333 232 91 
450 607 75 
813 655 9 
305 758 27 
854 316 68 
661 964 66 
879 382 99 
497 444 30 
33 530 84 
496 404 42 
725 748 88 
423 427 67 
577 995 39 
983 776 23 
438 224 79 
608 516 25 
60 769 74 
176 783 31 
492 781 36 
331 804 81 
443 174 23 
857 33 74 
781 73 87 
685 606 29 
242 509 29 
620 805 99 
640 742 6 
612 513 6 
789 882 19 
773 396 64 
444 540 13 
267 585 27 
45 471 20 
817 274 19 
56 80 45 
493 62 62 
847 883 54 
329 540 36 
215 159 63 
553 466 9 
908 722 74 
607 952 4 
193 701 100 
424 236 2 
277 956 72 
349 624 42 
114 159 90 
958 907 76 
63 878 69 
647 369 68 
50 698 80 
36 262 78 
465 168 4 
998 800 40 
814 629 42 
673 726 15 
256 59 16 
381 283 53 
554 683 5 
468 462 28 
660 605 41 
398 800 35 
282 353 74 
842 297 47 
19 926 84 
774 439 52 
556 448 27 
134 83 75 
941 266 63 
610 257 76 
263 917 85 
185 435 47 
927 905 9 
317 791 47 
634 868 33 
972 651 43 
549 64 47 
303 918 79 
945 778 91 
964 133 73 
435 477 99 
85 877 67 
457 278 84 
775 186 24 
275 643 34 
334 798 86 
23 465 45 
416 554 29 
9 760 64 
31 394 99 
106 666 24 
62 109 62 
7 693 19 
77 78 13 
905 682 67 
299 652 23 
587 772 9 
158 902 29 
422 551 89 
690 97 74 
230 673 99 
116 528 90 
93 280 84 
210 603 51 
514 843 15 
587 454 40 
879 66 67 
80 920 49 
8 48 46 
172 100 14 
522 67 54 
359 751 99 
191 478 11 
104 89 84 
133 590 72 
621 345 33 
620 37 42 
215 684 20 
727 832 57 
872 286 8 
516 712 42 
588 871 2 
397 663 88 
280 482 20 
298 581 22 
560 96 90 
615 46 22 
460 90 93 
687 621 40 
529 872 36 
60 657 11 
302 345 1 
278 747 41 
170 766 98 
878 780 18 
978 421 23 
47 875 19 
867 545 19 
958 739 17 
969 604 25 
963 827 23 
425 261 12 
941 80 95 
757 442 58 
222 320 71 
286 705 14 
203 541 4 
843 375 10 
375 321 51 
953 916 54 
17 542 54 
887 284 48 
773 288 57 
868 434 60 
182 624 56 
266 394 71 
116 507 35 
2 41 12 
615 202 44 
306 302 25 
352 467 23 
595 12 34 
36 402 48 
909 971 19 
860 583 86 
657 897 15 
854 690 54 
64 119 4 
101 739 22 
504 942 2 
627 491 14 
53 484 18 
540 659 24 
420 553 78 
548 55 19 
406 693 69 
35 186 17 
564 490 27 
552 768 55 
356 209 13 
172 577 15 
284 310 14 
909 132 97 
956 642 56 
509 528 60 
282 917 16 
258 794 53 
601 875 31 
115 809 71 
339 781 31 
168 103 42 
433 437 48 
626 237 80 
552 72 85 
152 64 77 
916 339 52 
312 137 93 
428 646 90 
227 383 22 
946 986 55 
306 802 56 
635 402 75 
925 822 80 
169 320 94 
927 66 8 
630 655 32 
699 661 17 
201 151 91 
778 679 24 
232 936 85 
861 357 8 
167 191 21 
624 115 5 
685 952 46 
242 192 43 
669 80 13 
547 490 8 
558 489 28 
962 757 22 
306 820 92 
284 869 63 
986 983 11 
434 749 87 
428 490 92 
540 311 90 
140 125 53 
762 967 61 
882 81 56 
709 312 96 
89 875 94 
943 965 36 
994 307 99 
971 581 38 
165 247 14 
980 307 6 
177 47 53 
976 723 97 
555 434 19 
475 624 57 
93 798 20 
197 532 49 
907 778 15 
767 828 34 
636 681 67 
499 971 60 
943 660 74 
891 375 62 
766 413 62 
71 181 80 
924 137 14 
123 913 20 
357 388 75 
86 217 40 
522 355 37 
676 115 54 
30 489 52 
273 377 56 
667 707 6 
533 225 22 
871 121 21 
834 998 77 
168 798 34 
587 523 95 
16 364 12 
517 714 80 
224 85 15 
105 591 51 
941 152 45 
375 442 30 
715 788 66 
261 976 97 
269 724 90 
220 262 81 
4 68 38 
960 24 80 
765 976 1 
676 189 35 
271 213 68 
430 439 85 
750 459 26 
344 756 44 
234 305 98 
313 312 60 
142 291 41 
943 297 87 
472 503 89 
494 544 16 
295 797 14 
138 573 1 
678 611 99 
139 715 46 
990 216 26 
829 605 64 
286 837 75 
867 941 64 
603 494 87 
452 167 33 
103 852 97 
351 272 94 
690 967 77 
160 154 80 
664 714 68 
388 138 100 
418 663 42 
430 484 83 
643 790 14 
113 400 64 
442 42 4 
513 519 31 
634 224 79 
601 855 77 
306 372 89 
986 297 22 
211 867 46 
230 41 45 
382 601 61 
499 366 51 
98 40 42 
63 226 1 
276 277 84 
288 436 19 
124 802 86 
652 957 41 
865 198 46 
714 671 51 
282 131 88 
797 287 18 
737 317 66 
868 287 82 
962 386 24 
637 284 5 
744 178 67 
702 717 98 
206 200 64 
554 388 70 
198 181 2 
594 601 29 
781 415 92 
834 206 11 
17 62 10 
332 254 100 
280 242 92 
467 267 53 
207 665 96 
648 542 34 
159 551 51 
652 823 51 
645 582 32 
851 10 65 
510 894 28 
871 68 100 
91 391 64 
432 575 63 
797 429 4 
154 445 55 
946 71 87 
213 569 60 
181 463 22 
860 439 72 
429 842 64 
509 705 74 
414 226 68 
580 495 90 
814 635 54 
141 176 90 
559 498 54 
849 262 76 
510 80 79 
864 261 94 
454 392 45 
806 631 79 
875 180 46 
472 59 37 
89 211 36 
7 805 36 
171 296 37 
883 11 84 
797 26 67 
401 206 68 
959 834 62 
116 411 30 
732 475 63 
353 336 40 
103 132 53 
513 503 7 
957 777 13 
313 465 1 
136 256 21 
519 212 28 
514 117 87 
929 725 4 
801 885 88 
614 627 26 
253 975 2 
369 810 33 
741 548 42 
484 220 87 
614 504 82 
486 27 95 
88 865 37 
312 474 38 
380 105 86 
752 40 65 
58 496 20 
43 912 7 
4 442 70 
785 613 35 
873 362 55 
314 636 48 
760 51 11 
165 924 48 
51 593 68 
990 306 97 
409 452 92 
366 238 9 
575 478 40 
312 495 29 
296 527 80 
135 171 51 
179 983 32 
52 110 56 
134 25 48 
377 247 48 
158 858 36 
18 931 79 
810 715 91 
928 556 90 
903 796 34 
502 984 73 
804 9 88 
77 373 70 
620 554 61 
462 682 46 
359 485 1 
324 608 55 
343 493 37 
910 424 23 
455 531 35 
824 558 93 
465 947 85 
942 948 75 
318 932 38 
335 297 30 
882 26 38 
65 646 96 
845 262 60 
493 720 41 
166 293 89 
842 573 78 
280 342 15 
694 33 82 
360 627 82 
140 579 11 
401 980 29 
279 205 47 
537 635 24 
230 896 70 
31 350 32 
190 331 77 
731 229 50 
566 158 58 
60 63 42 
519 609 70 
696 918 6 
570 727 14 
124 801 20 
23 929 19 
131 620 15 
717 956 37 
481 609 25 
318 758 29 
886 622 62 
258 980 80 
513 799 88 
408 614 35 
779 818 4 
784 406 33 
950 436 42 
29 73 75 
74 993 99 
983 613 52 
797 322 39 
505 110 48 
102 597 77 
267 604 8 
486 77 60 
190 827 31 
289 20 69 
724 314 95 
38 28 31 
144 578 61 
13 396 14 
689 915 9 
744 674 84 
242 856 97 
1 685 64 
850 76 92 
695 882 37 
553 112 53 
844 919 45 
785 473 58 
235 314 4 
889 749 94 
701 333 97 
278 478 4 
711 221 60 
290 782 39 
825 913 5 
719 208 77 
877 612 66 
978 123 88 
697 888 19 
901 26 24 
2 696 73 
14 738 61 
791 387 62 
181 718 57 
991 205 10 
35 269 68 
30 214 19 
194 136 5 
932 758 13 
778 499 99 
996 127 91 
863 988 71 
710 812 53 
439 606 69 
268 482 40 
869 674 67 
189 600 89 
11 949 33 
698 287 7 
911 774 56 
89 313 60 
4 665 28 
475 634 23 
639 280 76 
637 984 60 
434 313 8 
628 34 6 
829 292 62 
952 214 72 
734 879 82 
198 231 90 
798 23 50 
769 419 55 
698 565 74 
449 530 49 
269 302 11 
514 756 97 
675 230 83 
672 409 91 
