1000 4994 576895 294268 561 
566 89 37086 
89 71 406253 
633 89 183133 
377 566 815112 
377 403 577835 
403 712 446854 
846 712 611863 
566 675 19611 
675 58 14774 
142 675 206974 
178 142 6559 
194 142 6739 
194 247 830170 
420 247 794511 
719 247 724380 
719 18 637036 
730 18 624737 
716 719 805324 
484 716 962451 
904 719 690104 
247 285 632667 
574 285 652001 
273 574 794098 
559 574 987347 
247 21 754270 
21 806 159061 
439 806 886137 
806 455 737684 
667 806 939740 
153 21 46213 
153 649 679410 
153 173 754930 
21 869 309222 
837 247 531863 
974 247 566543 
247 191 475180 
247 523 958393 
727 523 866596 
175 523 892046 
247 275 832035 
247 977 675064 
700 247 205372 
823 194 875516 
677 823 54239 
823 757 511318 
757 404 809343 
757 193 822303 
620 823 447307 
614 823 314523 
823 6 682533 
981 6 158689 
516 6 361741 
732 516 59359 
823 864 417467 
864 533 448560 
823 625 949863 
330 194 530283 
976 142 576626 
976 995 643663 
323 976 973295 
976 900 338262 
945 976 25710 
945 241 672647 
185 945 859332 
945 833 909335 
852 833 435226 
852 817 982510 
910 817 394098 
352 910 50489 
120 352 732154 
905 120 201871 
120 114 377644 
171 114 955169 
303 352 784401 
272 303 111128 
512 303 202927 
435 512 890450 
140 435 109921 
512 310 665335 
303 450 811446 
450 318 329722 
291 910 534486 
910 937 618328 
790 817 67974 
873 817 917612 
379 873 280685 
804 379 162457 
702 804 99719 
865 379 617858 
865 534 77254 
364 379 189983 
364 799 132352 
364 47 924638 
671 47 155715 
260 47 971495 
260 100 810006 
260 948 663922 
948 36 952709 
36 279 171966 
279 878 448740 
878 192 643155 
192 402 79871 
402 748 473452 
502 748 767465 
748 796 473868 
133 796 402125 
796 20 535596 
222 20 333975 
222 331 269231 
507 796 324734 
688 507 620901 
374 688 388097 
507 514 338212 
947 748 881386 
460 947 394902 
242 460 271691 
242 919 184163 
662 919 384121 
919 389 355111 
357 919 127403 
957 919 621247 
460 52 982120 
111 52 780574 
947 117 89601 
192 422 740091 
3 422 49077 
422 623 1110 
83 623 573599 
980 83 109744 
980 821 53867 
980 775 702828 
775 139 367822 
871 980 375247 
871 363 613068 
438 363 67754 
438 172 288125 
438 343 655061 
123 343 876277 
343 608 187894 
764 363 684084 
871 396 979418 
474 396 971920 
780 83 235211 
95 780 236933 
83 270 3810 
623 888 42470 
888 448 780556 
304 448 656371 
368 304 327603 
368 180 471547 
33 368 115078 
814 33 318106 
226 814 157769 
182 226 74641 
814 849 406513 
582 849 249717 
582 421 43107 
635 421 100338 
421 778 245910 
681 421 18715 
681 494 814114 
811 494 389985 
53 811 452861 
494 810 884294 
932 681 276694 
186 932 204718 
186 876 775680 
876 928 528471 
162 928 804705 
471 162 878357 
641 876 18597 
437 876 606744 
437 429 818536 
64 429 871915 
64 451 593685 
437 893 112530 
893 532 513502 
504 532 424641 
477 504 617796 
262 477 299063 
532 751 445452 
84 751 643270 
532 673 87383 
691 673 395335 
691 884 260061 
884 777 625823 
889 884 634768 
889 660 613168 
322 889 604237 
235 322 879975 
926 889 697497 
136 926 174418 
452 884 956035 
452 975 151420 
755 884 715642 
691 687 647087 
691 8 304717 
691 921 897833 
412 691 139635 
691 874 188172 
301 874 213237 
527 874 159019 
527 654 193656 
596 654 463356 
591 596 341473 
673 217 180150 
437 912 268576 
912 355 369830 
685 437 810413 
85 685 335285 
85 628 113585 
954 85 629144 
457 954 334984 
392 457 420616 
392 915 544537 
915 906 704807 
915 332 857446 
339 332 451864 
339 549 546870 
549 4 171881 
44 4 867891 
513 44 118552 
44 669 597618 
44 668 169290 
668 612 147231 
44 783 405604 
774 783 968048 
126 783 612620 
44 102 410010 
328 44 258335 
843 328 151853 
328 281 14192 
4 735 470189 
339 288 617458 
61 339 852414 
456 339 136317 
339 664 407715 
923 339 746200 
536 923 5692 
923 705 937706 
923 82 134599 
82 756 964601 
282 756 163118 
935 339 827317 
734 935 757075 
672 935 852340 
79 672 64319 
953 79 747564 
305 953 184702 
759 79 424610 
181 759 893923 
316 181 488577 
386 181 171518 
483 759 194199 
759 214 184246 
79 613 861636 
613 784 518981 
672 103 993718 
103 104 983059 
174 104 190603 
381 103 734926 
895 381 358956 
895 621 776309 
621 634 717318 
621 994 641102 
994 467 696385 
137 467 454928 
137 561 160424 
76 137 497515 
76 978 217961 
76 487 863402 
961 487 590545 
729 487 764448 
487 434 639140 
511 434 903944 
970 434 413482 
475 76 109905 
933 475 719809 
723 475 156120 
949 723 939925 
522 949 118409 
723 41 323337 
41 472 472461 
960 472 317022 
41 706 231851 
723 992 812962 
445 992 729205 
445 91 49476 
562 445 385007 
562 470 930469 
470 570 501623 
570 293 907388 
965 470 519722 
470 581 616498 
447 581 594122 
447 108 723416 
371 108 439270 
218 562 451707 
218 610 136321 
562 146 259316 
146 348 812141 
68 146 883276 
146 10 624975 
622 10 632346 
562 752 879964 
137 327 881746 
327 882 278892 
885 882 87773 
797 882 17684 
880 797 423958 
541 137 212135 
359 381 788291 
820 381 377858 
820 115 703530 
803 115 84083 
803 428 832573 
115 984 469382 
984 698 822588 
643 698 781647 
643 795 78603 
337 795 392075 
643 594 395741 
787 698 482158 
787 362 201759 
362 38 810851 
38 986 889236 
986 857 410852 
211 857 773426 
589 857 228514 
589 221 522209 
857 201 302537 
692 201 82474 
692 829 118994 
692 69 807839 
69 405 719960 
292 405 537142 
717 292 623059 
292 449 152331 
564 449 862615 
903 449 130021 
682 292 616368 
682 714 300298 
682 78 535410 
69 898 33393 
128 898 840438 
827 128 365793 
762 827 897498 
898 177 434282 
898 384 45764 
384 145 951748 
145 132 754289 
939 132 54509 
939 615 219746 
478 384 121257 
898 354 227776 
223 69 443737 
240 223 961214 
240 711 370749 
711 208 944544 
901 208 466297 
212 901 783639 
901 678 928585 
941 711 430067 
711 49 279008 
49 251 645924 
531 251 202334 
526 531 976606 
877 531 416299 
877 60 451034 
251 465 183724 
695 465 934763 
407 695 55429 
407 15 192455 
407 551 828168 
971 551 999030 
465 579 499057 
579 135 966201 
135 839 315831 
135 232 190713 
753 232 979461 
356 753 363078 
166 232 9377 
243 232 380250 
713 232 121396 
713 666 873531 
98 666 349453 
709 98 724296 
121 709 139166 
709 693 141337 
592 693 225057 
592 754 337850 
26 693 919871 
26 595 773131 
709 56 391561 
709 738 793021 
854 709 208468 
854 872 669308 
98 250 476773 
250 788 972251 
25 788 96601 
575 788 581392 
666 655 280370 
666 850 920545 
713 718 87656 
670 232 534726 
760 135 195336 
924 579 362509 
968 49 546116 
968 860 256923 
860 618 679366 
49 599 850019 
599 334 16185 
599 253 967027 
49 277 781039 
277 597 667139 
49 423 21658 
423 43 524861 
43 546 344270 
711 847 426014 
602 847 495348 
602 228 151359 
602 170 133768 
96 602 117117 
822 602 620902 
569 223 118198 
1 569 781601 
569 663 84427 
808 663 747726 
663 148 191884 
611 663 812903 
473 223 867640 
524 473 234028 
524 848 586487 
473 394 841372 
819 69 516261 
201 129 55927 
161 129 237552 
231 161 851726 
985 231 467588 
167 985 973975 
258 985 809560 
258 824 75271 
973 824 596353 
336 973 321520 
163 336 334051 
918 163 989171 
715 918 322218 
918 964 678796 
964 237 216421 
237 158 483809 
163 809 147887 
785 163 187210 
785 699 548384 
699 773 464629 
346 699 262978 
346 951 122109 
300 951 517159 
346 600 278435 
346 710 193305 
710 638 628918 
969 346 876795 
464 785 278255 
225 464 174137 
875 336 193890 
571 336 646789 
571 373 716922 
571 259 348809 
815 259 117547 
571 397 768540 
51 973 688381 
313 824 754032 
161 896 334768 
164 161 869113 
164 605 374024 
391 161 287461 
576 391 567969 
922 129 422789 
129 640 583002 
129 268 513862 
129 758 98202 
758 789 461749 
315 758 677949 
2 315 577627 
2 413 75924 
462 413 183949 
2 506 476272 
17 2 9117 
2 432 81615 
432 907 966315 
432 500 884291 
113 500 560014 
500 996 287270 
996 187 295614 
187 215 73518 
500 209 143158 
500 265 679065 
347 500 235422 
540 432 37619 
540 14 938092 
749 432 809314 
661 432 798400 
661 835 622622 
252 661 386460 
207 252 67212 
45 252 87059 
45 745 249603 
45 9 699423 
45 165 194156 
147 165 490051 
152 165 673572 
152 353 19340 
152 408 312157 
252 771 933039 
252 284 824228 
188 252 572609 
188 351 689820 
950 188 123498 
23 188 390166 
46 252 807075 
252 482 115789 
77 482 565859 
482 680 821816 
150 680 294851 
150 255 296452 
255 653 369445 
653 154 685794 
653 12 531791 
444 12 837272 
658 444 268012 
444 490 349154 
656 490 569366 
782 490 817139 
393 782 911964 
807 12 360731 
376 807 501929 
807 946 111428 
830 807 238087 
830 220 822610 
446 830 571727 
302 446 222191 
302 415 624129 
807 73 358856 
515 73 76307 
515 119 187935 
119 160 596098 
383 119 949197 
383 940 445927 
283 940 458251 
28 283 349009 
28 367 505539 
73 236 633951 
505 73 362319 
505 442 717686 
934 442 39189 
866 505 782083 
73 488 402467 
409 807 128171 
399 807 319277 
299 399 135137 
897 807 473274 
897 424 606202 
424 375 457149 
48 375 38880 
48 955 752316 
229 48 195353 
48 321 313864 
646 48 494910 
375 1000 580171 
382 424 204875 
382 603 893403 
382 683 755469 
382 466 276925 
424 686 255328 
645 424 173617 
645 545 750099 
642 545 633193 
642 401 989338 
568 645 715496 
568 583 998004 
583 892 256508 
908 892 125347 
793 645 153268 
424 509 687324 
230 509 808500 
99 230 268583 
424 679 803153 
679 216 906008 
501 679 783764 
501 190 801424 
50 190 284397 
190 987 61467 
266 897 395040 
858 897 855047 
29 897 985321 
320 807 987578 
859 807 745930 
601 807 396054 
807 836 461062 
637 807 418276 
637 317 482846 
958 12 127135 
12 999 764464 
189 150 257318 
249 680 998640 
680 125 563747 
125 372 301597 
728 372 878618 
728 431 166346 
431 627 856730 
767 431 110270 
917 431 553525 
495 431 178928 
586 431 599766 
400 586 340059 
378 400 724571 
736 378 239328 
825 736 938730 
902 825 669877 
902 325 70777 
325 530 154476 
518 530 316033 
791 518 264471 
143 791 554428 
588 143 94846 
588 127 574163 
493 127 941168 
493 286 253609 
269 286 935710 
87 127 79699 
802 87 903552 
989 127 442470 
42 989 276121 
832 989 110776 
63 989 325587 
35 63 915758 
454 35 649982 
454 639 965172 
766 35 678009 
766 358 978663 
358 417 864903 
417 19 768804 
766 881 511847 
289 881 628933 
141 35 307056 
35 632 4197 
938 632 551644 
938 650 27231 
535 35 206921 
63 913 759168 
913 816 883076 
816 329 747381 
816 308 418494 
199 63 578141 
989 607 518123 
554 607 637608 
554 768 319263 
267 768 122171 
267 238 440408 
989 930 619052 
40 989 969253 
469 40 191610 
737 469 294479 
834 737 133034 
743 737 748088 
380 743 123621 
743 278 581340 
737 988 211039 
737 697 569262 
124 737 149512 
786 588 883398 
410 530 412159 
659 410 371919 
498 659 711501 
109 410 903880 
109 280 841022 
590 109 641525 
590 929 419323 
792 410 711677 
246 410 522119 
530 341 211100 
902 800 376857 
34 800 690478 
800 110 862154 
585 110 68537 
39 110 477529 
761 39 985018 
761 134 7196 
433 761 827772 
520 433 549531 
761 7 554473 
983 7 995637 
39 459 409474 
459 798 56793 
798 657 8481 
116 798 522848 
521 39 220006 
521 168 302207 
176 168 257461 
176 11 763870 
11 651 81512 
168 899 692874 
624 899 446669 
86 899 802144 
430 521 249394 
521 967 941321 
853 521 539091 
521 648 74253 
184 648 876273 
689 184 758324 
689 213 690355 
213 842 761763 
842 855 902635 
842 155 86656 
842 891 897543 
891 703 872524 
183 891 271472 
886 842 937314 
689 105 26817 
105 195 758198 
350 648 628972 
131 350 627686 
350 338 940877 
920 110 806994 
942 110 361230 
942 990 177395 
818 800 24518 
800 805 465257 
805 916 804342 
486 916 661346 
916 256 402392 
256 537 475370 
997 537 590173 
997 94 688641 
94 70 884494 
94 887 293993 
887 966 408665 
966 694 943917 
722 966 601133 
966 75 329156 
537 739 304511 
739 342 426269 
342 24 78388 
24 138 630815 
537 652 154652 
537 556 17954 
556 765 620963 
556 16 144997 
537 856 823804 
856 59 612592 
370 59 137311 
81 59 204144 
59 544 615309 
59 580 633279 
572 59 594728 
59 956 792844 
59 324 811388 
151 324 119711 
567 151 429697 
567 991 938136 
991 157 452376 
62 151 720169 
287 151 849171 
324 626 421869 
927 59 235533 
149 59 97697 
149 202 906356 
144 856 29409 
411 856 567559 
411 870 920993 
539 411 292703 
411 724 42327 
724 309 344916 
537 606 841691 
805 5 28565 
584 805 305313 
441 800 36818 
800 550 140616 
800 426 859358 
902 204 525701 
503 204 281436 
902 577 299660 
862 400 309476 
750 862 676846 
707 862 468702 
400 418 305263 
90 586 619758 
936 90 856561 
838 936 119298 
838 390 450551 
838 345 113240 
234 838 184958 
365 234 589834 
861 90 221091 
586 744 30540 
125 779 144500 
779 553 944639 
557 779 793781 
326 557 636499 
552 326 940014 
425 779 580523 
779 629 698016 
779 844 88254 
436 779 189187 
684 436 331406 
169 684 553553 
67 169 787080 
67 894 768746 
67 914 583769 
684 763 124014 
763 361 84935 
361 604 209507 
604 118 38517 
72 604 301358 
604 122 853124 
962 122 301635 
962 274 526259 
274 112 7469 
962 196 952461 
962 720 995638 
720 963 671563 
962 198 404150 
962 206 223687 
206 366 392028 
206 200 667450 
122 416 564806 
647 416 996522 
604 245 12680 
257 604 335863 
604 491 940943 
361 630 644325 
630 294 114864 
387 294 737499 
294 548 902297 
37 548 604222 
294 972 159757 
406 630 277548 
406 297 987373 
297 344 494505 
197 630 660854 
197 497 624887 
813 497 582239 
197 443 113756 
443 769 182425 
769 481 505889 
547 769 970259 
826 769 48394 
769 388 682031 
388 726 107066 
644 726 176805 
769 340 897004 
812 443 718951 
31 630 296953 
867 630 775056 
998 867 78783 
676 684 11137 
88 436 392833 
88 479 234465 
542 479 674347 
479 525 172869 
525 276 491623 
276 179 864548 
479 398 980610 
398 725 674274 
453 398 722156 
453 943 561282 
32 943 621156 
943 159 685588 
159 57 394753 
731 57 389963 
776 731 417939 
776 440 416124 
440 636 573955 
107 636 476008 
794 107 704504 
794 982 890465 
708 982 39446 
708 203 849371 
747 708 751033 
794 239 822406 
636 517 985698 
440 740 784362 
54 440 463141 
263 54 568020 
263 863 613008 
543 863 987770 
54 742 52707 
731 944 128923 
578 731 757335 
731 244 276134 
731 733 288916 
565 159 632847 
159 801 779729 
911 801 231111 
349 911 496117 
22 349 809231 
219 22 621148 
296 219 778018 
296 261 264430 
296 311 636985 
909 296 520482 
306 296 910621 
93 296 76781 
510 93 123743 
93 665 22639 
13 296 914559 
461 296 678914 
219 704 679608 
704 333 772391 
335 333 407657 
538 704 243421 
619 219 510785 
979 619 711049 
219 931 235276 
219 97 789082 
97 496 471639 
427 496 682920 
97 555 951969 
65 97 972969 
159 27 647530 
943 463 238388 
312 463 728121 
519 312 907887 
312 414 739057 
414 130 163136 
130 598 358764 
598 254 643938 
414 485 400224 
312 248 644301 
248 560 777481 
463 563 247304 
563 492 398632 
617 463 906102 
943 210 453302 
233 210 805350 
210 360 242462 
480 210 448079 
290 210 526619 
883 290 942582 
943 631 768829 
631 227 222320 
772 453 247 
398 851 354852 
398 106 417218 
674 88 336332 
845 674 530337 
925 845 755396 
925 868 378974 
868 156 555652 
616 156 686969 
890 868 358832 
66 890 719198 
890 395 822219 
868 419 658499 
868 701 330235 
319 868 784471 
508 674 983985 
690 436 469031 
779 80 15007 
55 80 986097 
125 74 862239 
879 74 735413 
74 271 860967 
295 680 821181 
482 609 612667 
952 609 597490 
746 482 108060 
770 482 843793 
476 770 921827 
476 593 384960 
831 770 940858 
298 770 793142 
587 770 249570 
841 770 988116 
770 840 259868 
2 528 54402 
307 2 783283 
558 2 827663 
468 558 555767 
92 2 286988 
2 264 811281 
264 721 631260 
314 721 465496 
721 369 44315 
315 458 81993 
741 458 191834 
573 741 661929 
741 224 508069 
224 101 739650 
205 101 729852 
101 30 788672 
696 224 631388 
224 499 865144 
489 499 462795 
224 781 282332 
959 129 458550 
529 959 922190 
529 385 758517 
529 993 773544 
828 959 48179 
786 746 387980 
606 861 583548 
87 952 266018 
864 792 433038 
391 577 779349 
702 945 750909 
802 253 140504 
671 104 350413 
204 818 606870 
999 363 66688 
248 223 997404 
917 9 562549 
654 939 696415 
724 150 972866 
475 582 5121 
587 808 351798 
756 322 369526 
695 185 916588 
23 935 548421 
959 830 693267 
374 614 331493 
889 1000 837283 
117 573 978929 
550 691 951160 
580 295 586892 
490 373 719734 
492 220 358898 
440 80 813326 
392 758 316997 
654 648 525695 
366 838 607126 
842 271 202332 
249 438 758757 
862 453 489209 
393 918 10398 
435 53 58389 
836 145 213573 
379 106 728760 
623 741 506344 
574 942 542229 
313 569 566261 
994 253 520021 
707 379 42777 
558 165 501163 
910 493 544155 
861 416 857790 
621 606 924060 
187 487 696910 
392 500 771507 
540 60 622821 
923 664 648749 
433 874 463617 
686 971 841173 
889 288 187815 
855 849 474936 
9 500 907356 
148 651 336915 
495 279 197425 
828 715 969382 
996 153 264638 
687 42 809090 
765 226 103789 
877 487 616349 
464 502 130939 
396 256 406126 
478 993 934622 
254 755 9652 
556 793 635722 
573 60 29123 
887 79 892718 
250 340 913366 
848 888 11700 
106 896 253674 
322 74 619947 
408 856 100056 
532 645 409701 
955 883 327446 
759 109 319379 
454 831 852502 
262 446 406807 
193 618 426320 
243 860 223665 
945 696 296001 
228 541 234449 
745 977 357425 
98 172 365598 
421 817 475815 
415 817 928493 
394 58 447331 
995 901 449121 
961 356 362198 
567 138 136327 
510 939 510284 
769 597 145148 
481 223 757747 
54 451 499723 
78 431 386108 
671 214 221051 
96 589 452616 
840 9 2821 
321 566 737096 
9 181 239191 
579 439 371256 
835 803 148021 
224 742 153445 
830 612 557951 
909 417 852047 
830 13 984373 
922 978 692598 
90 135 49685 
126 914 646571 
453 684 421863 
461 551 66786 
549 943 163118 
258 161 40492 
504 369 175482 
618 890 289957 
962 815 987741 
481 430 989471 
201 739 579818 
95 254 154413 
695 372 864551 
103 977 647982 
564 494 625193 
608 265 670443 
91 95 28576 
642 660 359296 
238 688 207147 
839 869 296578 
935 295 373552 
655 694 822279 
515 317 949931 
981 589 967256 
950 322 234573 
455 409 525743 
75 949 273230 
976 845 33692 
474 885 737118 
961 59 14933 
198 25 690219 
53 105 208132 
704 225 221891 
390 731 128773 
113 12 851359 
808 533 581702 
564 252 427945 
476 386 141082 
600 776 831325 
912 419 980625 
935 230 793184 
858 761 136653 
720 782 509204 
965 968 434526 
236 456 389627 
715 150 445788 
105 688 532379 
471 722 893090 
341 951 421849 
257 405 515938 
181 211 352998 
645 134 799187 
353 277 235695 
947 565 932652 
567 531 781381 
289 977 508065 
615 613 161586 
987 629 932559 
261 747 875945 
708 417 982664 
17 97 711190 
329 668 220805 
952 524 420908 
6 191 225051 
398 386 870085 
978 133 237330 
445 124 986160 
792 837 191373 
607 278 331806 
350 379 932883 
71 275 338901 
749 947 833117 
997 491 161293 
741 146 487715 
143 46 365918 
16 916 434721 
637 572 731576 
241 561 977878 
376 199 293159 
963 823 133971 
526 985 929785 
579 697 861095 
6 267 210605 
400 611 492205 
606 844 544856 
282 212 705333 
176 848 838903 
435 770 371761 
735 989 710123 
862 467 408412 
728 16 813123 
651 80 379676 
605 989 618009 
275 454 262446 
817 806 463393 
693 980 226393 
578 512 437740 
102 833 377492 
559 377 699120 
538 198 264170 
448 223 708630 
913 495 898823 
583 208 311453 
636 817 56486 
547 70 440061 
367 711 425518 
287 424 353571 
393 384 955446 
236 754 216365 
774 691 654319 
728 537 241262 
824 457 839104 
922 168 925737 
647 320 417914 
183 90 105368 
589 783 281058 
459 231 563750 
502 853 197631 
763 954 36158 
213 837 435761 
772 863 173135 
123 436 765668 
898 363 421210 
794 124 40801 
601 603 642148 
75 610 155745 
614 743 772050 
652 26 159917 
898 868 905424 
366 289 199192 
452 523 872663 
41 640 948406 
47 136 638696 
684 244 636575 
654 27 491996 
91 441 161476 
772 912 843371 
208 597 24806 
521 376 383820 
684 663 209121 
295 674 901689 
2 668 651501 
579 312 940064 
5 695 522569 
470 761 183142 
603 753 197737 
7 362 103980 
562 573 726690 
654 60 128216 
315 278 640068 
964 117 138621 
563 248 93172 
853 111 741291 
651 476 496266 
98 89 375048 
276 732 540817 
706 852 128850 
301 699 448856 
43 482 832045 
782 731 771587 
589 769 182729 
478 787 743082 
862 642 284022 
411 612 963710 
102 32 248672 
944 169 184129 
197 660 642609 
684 315 782887 
962 490 5074 
329 676 593640 
713 766 818759 
116 65 821679 
426 150 899199 
696 689 237570 
972 159 898499 
835 583 123798 
11 714 462375 
905 390 956326 
901 844 130405 
507 802 230004 
965 381 797918 
767 624 315999 
386 264 244351 
764 429 321931 
745 277 531925 
14 51 278564 
510 272 608204 
834 957 949086 
613 703 460834 
396 936 357672 
984 721 635203 
697 199 402466 
104 594 100656 
365 479 450173 
421 161 900402 
978 163 346031 
5 742 649936 
395 996 238735 
347 23 811666 
474 652 286120 
620 717 196618 
536 735 156910 
452 989 528189 
997 796 45806 
541 365 891863 
107 786 322187 
735 478 827548 
742 930 398404 
642 916 454431 
816 310 95383 
572 979 120262 
932 199 775768 
220 292 298969 
354 627 778726 
243 275 990588 
204 431 303980 
630 749 266174 
992 134 469228 
120 970 767724 
364 198 84381 
883 306 467809 
357 195 540155 
382 529 897557 
776 362 527413 
170 806 592307 
415 614 337817 
11 372 323752 
583 566 121199 
784 374 583011 
645 471 433082 
402 126 654342 
536 757 589043 
341 823 737897 
617 225 335282 
865 482 269287 
898 166 639847 
657 696 253866 
885 152 659165 
128 851 529152 
476 398 895399 
571 143 678499 
194 447 619240 
991 997 764490 
634 797 101766 
235 109 97716 
578 328 973184 
202 235 445576 
716 159 839185 
177 786 701631 
71 623 897892 
442 414 653436 
782 113 289001 
545 955 932285 
695 129 426891 
634 771 829269 
140 536 802365 
640 117 727947 
155 138 386754 
429 449 776354 
451 915 880685 
207 37 701311 
303 411 838708 
733 621 713236 
323 253 86314 
324 425 740445 
952 35 687503 
680 102 729253 
885 871 138479 
306 342 640261 
123 184 416962 
176 717 752721 
43 126 759556 
558 613 882566 
792 492 519181 
311 201 717203 
565 345 703876 
235 560 835393 
304 575 407480 
852 966 272992 
148 484 802704 
890 938 886701 
686 220 257502 
886 742 943982 
43 504 995059 
430 145 789004 
645 365 149173 
188 32 276120 
293 917 435990 
105 454 635389 
704 365 173329 
778 686 243176 
949 537 368660 
391 423 137439 
681 78 705752 
87 849 816328 
93 358 242715 
245 921 415779 
544 738 36213 
531 72 211050 
351 900 707724 
30 164 662574 
220 770 497155 
355 48 568314 
201 884 979589 
794 948 451488 
550 766 85730 
835 468 627782 
423 335 343712 
193 808 527264 
987 493 962820 
365 799 3305 
496 86 325349 
367 17 781140 
602 991 466840 
860 404 178777 
858 911 460101 
915 718 775980 
79 995 642796 
82 194 631258 
565 508 593859 
511 885 998030 
719 689 845472 
62 195 413028 
490 207 250065 
970 331 386913 
238 439 541733 
890 793 364062 
97 344 363874 
670 285 742565 
333 691 773210 
536 797 546665 
953 122 536604 
382 835 814348 
724 308 494644 
850 202 276164 
203 354 960000 
755 707 331662 
614 83 920530 
405 825 493967 
759 334 19951 
414 603 480988 
983 704 959969 
25 311 671826 
236 333 248848 
849 461 962101 
850 998 512823 
664 137 823790 
861 141 381768 
400 448 915149 
675 439 876027 
886 307 36437 
161 464 540022 
190 682 333279 
738 451 453168 
128 744 289367 
963 486 855900 
58 672 954062 
889 976 663535 
388 593 987034 
493 830 136307 
198 712 794132 
689 251 359104 
859 264 200289 
942 560 850966 
429 589 78968 
136 178 59385 
78 778 711522 
612 343 234817 
625 824 518254 
408 639 296305 
334 598 99564 
643 466 39005 
193 401 497812 
768 19 161264 
262 164 243411 
978 69 21035 
475 688 583225 
900 952 933811 
231 207 540250 
790 604 148227 
541 623 678784 
130 288 53118 
396 382 681227 
57 313 177410 
127 100 839864 
727 937 459831 
506 306 891659 
689 374 574321 
720 813 487512 
553 13 589175 
505 798 637003 
592 576 683420 
814 341 318080 
299 241 47378 
734 349 592855 
578 742 234703 
892 419 55383 
263 617 434580 
168 554 95707 
765 702 473061 
302 761 433062 
532 724 348052 
788 556 139439 
958 802 45072 
861 676 845440 
339 684 554420 
788 326 291505 
808 86 804523 
489 580 47007 
706 272 364581 
542 420 568083 
393 905 380657 
898 24 72892 
254 116 890707 
609 459 274619 
256 838 400265 
283 175 795472 
422 183 198369 
374 326 63188 
323 859 14984 
123 124 691198 
355 645 343708 
221 616 597175 
496 710 382584 
655 765 683060 
962 179 576635 
544 734 364726 
905 721 575344 
309 779 435540 
387 753 980925 
961 63 505849 
764 744 422939 
889 591 748422 
246 393 117174 
415 648 871875 
847 124 980091 
10 64 367843 
363 687 919719 
501 411 935032 
708 894 576808 
249 696 794213 
401 305 499026 
796 124 505861 
929 139 597603 
138 605 783060 
557 876 415286 
772 380 516627 
386 540 661999 
88 260 210843 
688 724 683650 
446 673 199504 
156 478 84812 
866 959 232703 
137 471 219700 
656 351 427356 
487 739 777779 
212 546 129611 
620 734 475689 
789 675 758277 
886 338 533047 
150 111 1982 
954 556 191966 
279 147 252549 
363 207 793958 
921 473 741189 
398 249 246014 
71 744 583208 
294 421 526016 
560 45 271548 
110 233 96511 
594 74 21567 
713 730 248166 
250 448 313389 
845 150 569226 
871 410 153129 
913 851 236170 
700 702 294849 
500 464 315638 
161 737 598166 
357 715 391335 
665 879 104110 
951 284 864308 
790 234 161923 
776 363 872042 
653 543 38604 
767 360 573630 
690 771 323503 
538 616 907879 
254 814 145962 
406 576 578738 
678 796 262172 
507 383 58079 
820 527 513838 
101 293 548403 
303 281 814847 
910 275 465155 
903 694 540539 
198 27 171787 
337 288 276613 
423 148 568721 
7 885 66132 
419 924 405239 
419 499 723438 
612 462 180520 
177 753 262332 
820 7 285306 
110 913 811189 
895 587 948030 
528 631 727055 
108 375 277354 
519 544 829287 
926 940 842264 
829 772 192293 
452 5 218595 
845 842 623842 
77 548 666065 
933 209 888395 
94 238 28914 
546 386 788819 
7 65 846366 
356 94 241885 
299 730 572992 
676 417 704871 
548 158 406328 
695 790 803670 
18 571 440640 
833 738 828410 
91 399 241551 
379 39 671019 
623 416 549090 
734 431 600785 
568 108 270016 
334 379 198113 
739 449 277917 
867 661 530012 
287 511 30522 
331 330 367729 
419 867 556634 
77 895 119719 
688 134 605205 
573 816 862283 
614 444 16940 
311 254 121140 
16 268 551261 
422 122 627101 
933 18 479832 
659 636 921897 
712 452 879863 
251 986 957764 
239 725 521855 
163 362 845909 
125 149 725113 
329 830 445052 
246 168 699626 
837 747 722776 
567 434 587966 
906 641 918997 
719 645 496505 
755 524 180612 
489 827 295886 
116 209 43723 
413 515 895319 
855 686 989763 
854 919 778561 
343 490 369370 
479 519 202241 
451 108 308277 
329 876 828169 
469 683 810017 
652 333 708165 
115 575 667385 
664 935 322953 
682 105 588537 
750 980 408238 
936 993 198443 
570 110 913688 
379 482 963755 
331 387 598721 
186 697 392231 
941 423 908608 
174 719 325700 
6 621 599266 
789 862 451627 
977 277 730434 
758 254 401309 
515 562 559434 
105 935 401177 
988 859 556804 
222 610 950790 
344 784 532710 
175 739 787189 
88 508 590607 
455 369 540389 
222 813 17589 
23 770 272516 
821 495 611012 
34 582 95447 
604 860 747165 
318 568 933645 
823 460 444456 
711 379 995918 
82 48 434948 
459 511 322675 
884 979 680534 
684 635 939728 
817 358 969468 
688 893 940759 
668 657 471307 
5 964 695995 
909 451 528165 
20 750 585550 
363 1000 355281 
700 534 42349 
999 217 897304 
440 683 640865 
274 937 71408 
859 688 619698 
596 377 962513 
541 358 874122 
152 367 950064 
216 177 74524 
656 17 399678 
625 184 611815 
454 128 177368 
548 715 364094 
619 992 817055 
124 199 545124 
50 26 52497 
688 819 450893 
714 37 117200 
700 826 675197 
101 430 7022 
65 794 89921 
180 609 286328 
661 59 424542 
156 279 626917 
694 882 671783 
251 647 157796 
221 289 563156 
851 24 177971 
81 451 333145 
607 309 407245 
233 574 711604 
222 266 551429 
731 563 470871 
267 551 462288 
329 435 698201 
976 639 278844 
940 568 335214 
361 695 986785 
176 956 277512 
29 637 798524 
482 381 400341 
815 47 115149 
411 141 144798 
966 32 759831 
499 925 615967 
163 964 954546 
152 42 932267 
810 115 185643 
573 155 870772 
609 43 552559 
333 909 105669 
109 237 317256 
968 674 809070 
67 125 527564 
939 203 140549 
617 534 269709 
281 714 333785 
223 624 341400 
650 403 518051 
169 231 698733 
10 219 479937 
118 758 26020 
112 719 923472 
989 768 846832 
320 686 106007 
246 95 742360 
565 208 792840 
436 946 647091 
699 450 308212 
176 787 296937 
580 73 585342 
520 177 486596 
242 168 830154 
337 981 341434 
755 994 213508 
707 346 32294 
933 727 812793 
417 164 743657 
133 386 948934 
84 862 580394 
298 265 472215 
383 253 555434 
9 97 121520 
773 940 747000 
66 642 278488 
715 591 140167 
462 37 520657 
433 303 847862 
797 507 794835 
639 620 39679 
254 49 768912 
52 567 45610 
578 24 516879 
973 170 56019 
860 331 360690 
557 827 695492 
243 785 625853 
49 361 92789 
441 698 257541 
739 984 983700 
847 851 800619 
902 682 782320 
364 190 831726 
501 258 322534 
634 766 618050 
444 267 27145 
189 510 809885 
554 33 12251 
708 334 646784 
119 485 272210 
780 228 311839 
686 895 603113 
533 773 501127 
265 541 360007 
339 628 259462 
856 95 337242 
980 5 23419 
846 524 103353 
125 300 195739 
821 927 616090 
395 415 673337 
640 258 901491 
273 446 185213 
799 491 516948 
925 827 554976 
811 401 63510 
519 912 502025 
137 628 520563 
464 247 637779 
240 294 594215 
174 806 383009 
364 52 686470 
671 172 397295 
345 881 836983 
65 570 131503 
220 377 575346 
889 569 408527 
954 570 968045 
504 65 127820 
721 57 892393 
784 113 961208 
560 452 652651 
399 778 691433 
483 307 53094 
563 619 932586 
461 173 504020 
520 513 278050 
684 955 84530 
749 294 475553 
846 940 484171 
963 587 843752 
126 310 523055 
808 874 387530 
871 58 545354 
448 290 990803 
553 580 775235 
289 143 283302 
689 595 295032 
701 436 691576 
147 672 704497 
867 788 690364 
282 394 907909 
768 975 352756 
814 824 190369 
37 910 316977 
728 228 469262 
923 642 187411 
586 505 963895 
782 739 426741 
388 353 527257 
172 85 936848 
499 63 351321 
450 587 857663 
567 30 150000 
289 197 855126 
423 58 112305 
797 964 740817 
171 875 813979 
715 569 405434 
163 832 624589 
719 607 996866 
100 168 623073 
477 184 565492 
713 581 225449 
278 733 739553 
811 416 696071 
697 757 823822 
931 355 861165 
863 614 556972 
361 963 255793 
485 432 308275 
345 515 91140 
920 363 924530 
883 514 928013 
825 689 45692 
231 597 357643 
321 792 223901 
234 825 37975 
40 884 550618 
704 991 31373 
817 741 573330 
968 912 149749 
848 418 292556 
326 542 742444 
301 419 819934 
208 226 371953 
526 221 944568 
792 942 449232 
100 916 774099 
824 70 648594 
114 387 163715 
226 393 618134 
656 138 836506 
682 892 720727 
883 529 325926 
219 376 369500 
331 503 875210 
381 996 429576 
565 778 768302 
152 75 727350 
247 351 207173 
481 561 808448 
734 596 488853 
638 91 297624 
997 630 787617 
328 585 542953 
544 821 483153 
697 726 764658 
208 403 51044 
990 81 943439 
873 106 643395 
619 69 680636 
200 659 341733 
862 884 928952 
803 404 578591 
821 68 77852 
639 858 540091 
818 27 737651 
268 379 417430 
548 458 796385 
350 510 615665 
473 80 731227 
243 677 73074 
841 779 632471 
525 860 715057 
516 2 337656 
115 85 611915 
713 665 930731 
238 921 926481 
519 177 299571 
382 133 691487 
40 941 782165 
307 432 569507 
745 462 709311 
473 618 72940 
387 437 305592 
532 809 617317 
901 715 405083 
443 936 1483 
737 818 499723 
248 642 655478 
965 573 567087 
813 990 776490 
786 117 934749 
46 762 535658 
683 45 975902 
506 33 256878 
988 280 630641 
237 994 156912 
524 240 866506 
70 401 301326 
722 9 807085 
582 53 175698 
796 900 541244 
220 922 83218 
454 234 244948 
182 863 852909 
62 833 630904 
418 197 603628 
769 243 245933 
300 628 264806 
201 63 371106 
83 356 838724 
520 274 516293 
374 288 996395 
717 307 156705 
607 150 517100 
472 524 198013 
919 619 599378 
419 829 644119 
714 422 256086 
969 49 617279 
594 811 498995 
438 707 770433 
329 234 979404 
358 262 18627 
343 322 337971 
309 836 148486 
297 184 778381 
316 774 649028 
916 499 282807 
489 344 372165 
233 33 205449 
653 449 796572 
35 615 57875 
965 53 168356 
46 807 405618 
831 792 673075 
757 99 677769 
347 790 894152 
601 530 467187 
37 528 252205 
974 125 660543 
539 334 255176 
887 378 176148 
789 306 585068 
881 763 213181 
783 827 23063 
999 452 58757 
926 113 542058 
886 137 359472 
522 743 823769 
672 616 602295 
772 739 31111 
668 887 675612 
244 610 168814 
122 413 899314 
152 614 965345 
984 320 298466 
545 249 962446 
21 237 405492 
348 250 12429 
706 165 202891 
736 519 176525 
846 624 275105 
610 906 878507 
260 983 650663 
16 941 704838 
942 199 339183 
964 831 424121 
442 554 100081 
463 15 36576 
704 454 741127 
760 157 844771 
573 220 211997 
825 282 809920 
820 626 558165 
257 27 964477 
731 358 279496 
670 190 578779 
640 260 475404 
489 505 887712 
347 21 146799 
547 528 997817 
545 234 878242 
237 352 819985 
100 940 557766 
239 484 149063 
231 898 255231 
525 993 861352 
361 679 405640 
558 334 636049 
824 505 159707 
514 171 23959 
290 567 531373 
897 791 961347 
842 764 648421 
451 704 445346 
117 710 348508 
281 725 694556 
91 469 649727 
860 102 685193 
398 994 652938 
372 567 275931 
1 535 239188 
920 73 335425 
925 594 125267 
515 716 998054 
39 205 218780 
834 98 61716 
555 503 129323 
880 56 259102 
598 837 659106 
384 684 559208 
917 779 612246 
150 216 958079 
525 913 785988 
503 842 292820 
656 750 79392 
38 581 170357 
507 292 694029 
136 837 91377 
26 505 973409 
706 499 164391 
7 981 786240 
715 494 930106 
489 48 434185 
468 258 789754 
688 111 234941 
770 475 843382 
356 622 337104 
233 115 150062 
650 840 9001 
208 926 793270 
34 973 417521 
589 972 518011 
322 266 287028 
800 759 486006 
759 958 43684 
688 162 809970 
894 693 549642 
988 652 458937 
443 992 9968 
566 19 213722 
245 68 174768 
41 736 456641 
342 605 712909 
826 241 703398 
365 377 614597 
956 879 446934 
966 969 839419 
74 871 972697 
738 613 69223 
924 949 179038 
978 686 167685 
659 447 937113 
179 507 355570 
201 484 872499 
184 225 862578 
335 138 384717 
78 621 994331 
212 569 613194 
777 367 894387 
40 776 802493 
975 459 540489 
891 432 696444 
146 262 219366 
582 261 320644 
171 313 351383 
881 181 599501 
303 995 894009 
358 186 799206 
113 116 781975 
996 396 373517 
83 755 971045 
781 148 628595 
302 149 148366 
741 531 181631 
326 915 31716 
308 819 120137 
563 696 872250 
541 906 41663 
631 867 384386 
756 387 368806 
649 242 167929 
110 405 182319 
838 939 518098 
450 116 412390 
675 402 194304 
162 934 530601 
680 653 489054 
103 847 835030 
559 629 828067 
559 877 442336 
537 534 69720 
383 733 259774 
994 391 533938 
336 317 886201 
617 374 273848 
176 922 728522 
658 563 702938 
28 959 634378 
2 596 383052 
685 606 302379 
38 284 260318 
380 513 877752 
792 610 996981 
341 831 707795 
403 711 34316 
948 555 369049 
92 420 195218 
269 677 348209 
837 670 503107 
27 524 102901 
649 992 997833 
267 633 942651 
988 77 397461 
672 203 932846 
700 388 943427 
356 885 156386 
595 55 666119 
551 327 47337 
88 894 629897 
815 301 4972 
485 256 869300 
40 227 504486 
950 76 128972 
85 510 277371 
541 543 673286 
596 42 123812 
299 940 975551 
317 972 899514 
224 243 701722 
247 66 567244 
389 122 514673 
881 856 6080 
116 643 252485 
332 496 148658 
588 549 826473 
407 718 699826 
977 761 979139 
771 993 284524 
849 2 398454 
217 720 608697 
464 249 159149 
746 737 776312 
769 58 888294 
763 48 650011 
611 121 754750 
987 797 708067 
763 86 141506 
95 543 106975 
963 413 386441 
22 196 423637 
86 501 284306 
223 784 89641 
846 446 351409 
276 168 335542 
730 551 461061 
571 773 907443 
812 548 674789 
914 447 508210 
735 560 387687 
760 17 187247 
303 840 23099 
515 261 770848 
81 760 851630 
314 80 222316 
142 279 821406 
930 261 694846 
328 510 744834 
387 510 810968 
137 202 484985 
673 110 510163 
360 926 636617 
302 169 443099 
404 857 553222 
526 639 828071 
324 962 268631 
560 985 505957 
214 213 765533 
171 687 697117 
582 967 534951 
462 689 150258 
846 458 237812 
863 868 89145 
190 396 703624 
204 671 738935 
957 781 653437 
106 561 299205 
456 62 300649 
588 338 672799 
171 929 771659 
753 135 720740 
101 712 400932 
986 238 204072 
713 538 945542 
380 448 925595 
405 206 320793 
302 848 893829 
343 465 299690 
90 902 999481 
580 468 670381 
149 982 254657 
387 861 175250 
185 809 636058 
255 50 259895 
653 540 469343 
12 486 417210 
16 62 985666 
22 861 191664 
64 908 970027 
467 655 591572 
672 76 659169 
685 762 830822 
301 219 180014 
312 912 226185 
563 354 948749 
738 461 415928 
129 551 369190 
60 896 695174 
775 61 583755 
327 341 367953 
384 699 331429 
775 357 516399 
39 73 124792 
203 375 816626 
499 714 900951 
539 45 41707 
866 221 633253 
141 1000 326368 
376 674 924363 
845 133 630162 
358 851 735203 
402 35 310106 
931 709 243182 
847 242 64589 
509 706 407767 
580 559 329003 
587 283 53900 
550 930 396662 
492 571 64948 
783 45 380221 
50 84 204060 
960 251 498875 
366 644 796327 
983 646 301806 
852 695 748627 
256 195 819628 
496 79 327774 
320 654 732889 
428 30 874540 
8 40 876847 
492 356 753790 
546 985 443101 
657 604 681866 
239 872 807646 
410 757 564205 
460 942 773249 
606 891 844040 
76 260 380056 
448 673 251807 
636 619 267755 
612 622 131299 
690 208 834435 
115 632 667927 
582 419 588303 
984 140 125287 
331 150 516427 
773 97 982826 
166 239 488638 
141 814 200208 
969 379 576279 
665 902 401898 
23 421 664518 
428 845 509144 
738 300 453968 
625 5 911526 
856 405 260905 
576 839 148517 
436 629 248544 
697 774 958839 
450 931 101227 
743 337 746569 
795 757 478208 
799 833 593962 
830 223 14136 
372 893 162767 
145 449 994768 
623 593 661051 
478 298 237606 
724 364 845574 
414 636 635115 
984 613 409535 
888 993 81807 
514 430 873756 
827 114 769091 
670 861 36007 
201 801 20250 
927 264 33406 
124 505 781772 
199 618 520969 
985 179 775761 
94 672 120413 
540 336 933391 
624 630 436980 
287 437 54221 
214 536 723361 
966 261 322276 
794 363 81523 
744 487 410098 
371 205 198609 
250 798 573822 
592 42 835039 
721 404 676191 
855 600 558436 
297 410 646805 
766 628 898711 
825 853 686695 
488 86 360542 
436 891 501922 
503 789 946013 
683 582 521388 
611 823 173114 
577 363 228172 
582 585 500225 
193 167 901014 
109 591 893057 
670 951 201289 
235 548 39974 
911 996 649398 
7 592 628589 
858 216 221649 
244 30 633924 
179 737 669260 
913 864 71926 
393 934 379678 
859 783 30707 
702 617 115886 
830 119 631872 
244 299 203748 
393 659 472172 
532 428 952854 
303 727 247662 
201 921 55685 
826 532 410958 
502 109 237139 
969 929 453840 
383 526 453721 
541 271 76019 
122 426 303654 
108 668 335111 
896 190 25890 
946 212 122561 
849 800 961096 
745 815 604609 
18 862 494581 
900 996 843157 
589 851 649114 
321 976 736191 
46 351 436581 
578 828 689327 
314 47 890346 
525 506 202982 
756 77 695976 
803 265 298787 
476 795 504440 
798 855 691950 
873 505 161037 
325 178 477755 
602 25 738193 
686 672 943532 
542 218 398129 
123 591 347778 
403 815 420610 
456 1 533634 
841 63 464228 
623 956 78011 
802 449 454686 
932 483 675454 
877 491 786791 
224 782 959502 
857 159 162258 
215 791 943657 
310 487 776854 
252 448 869435 
393 143 734255 
92 572 593702 
420 1 345572 
626 532 771317 
752 852 737605 
565 246 24921 
437 788 423696 
492 935 641291 
125 912 115215 
68 54 846403 
722 902 464940 
768 976 746121 
810 803 975587 
659 161 283674 
48 454 143973 
65 96 411844 
59 916 519554 
748 897 160031 
975 234 645834 
606 233 445032 
3 5 64446 
768 550 262514 
372 540 263606 
795 53 478683 
155 943 642941 
876 169 612896 
576 302 839081 
875 140 184353 
786 902 767890 
312 253 869451 
833 625 351111 
259 978 163595 
354 328 489495 
35 300 79413 
214 810 435803 
839 91 688263 
736 233 278419 
647 456 124345 
475 141 598716 
978 828 599011 
664 666 625353 
155 901 943527 
169 979 341949 
615 881 668128 
16 832 759506 
622 117 799798 
607 14 427032 
98 47 109600 
403 214 630030 
274 445 467546 
571 741 534052 
224 69 535365 
466 449 234648 
497 578 959976 
162 187 98692 
256 140 49975 
155 54 547510 
655 682 829232 
211 442 711295 
223 536 603465 
248 924 144322 
441 975 471676 
109 608 877706 
984 875 276318 
765 52 554546 
221 792 157057 
627 482 726231 
355 753 215873 
88 821 130444 
946 883 509530 
122 198 329728 
419 317 745806 
366 291 548247 
91 533 652592 
827 581 298479 
548 596 25768 
494 174 911546 
515 389 534438 
802 671 312184 
153 539 310003 
806 144 154852 
673 352 764368 
917 356 485828 
598 490 328407 
766 34 60869 
541 894 198079 
868 844 967830 
253 864 423570 
279 95 921472 
780 162 219742 
873 60 697836 
490 506 727341 
470 491 450019 
443 752 613367 
34 323 402902 
348 636 772765 
401 454 646454 
915 137 193199 
942 923 614324 
815 649 798130 
371 999 743242 
237 952 285903 
280 726 739687 
854 568 344273 
53 452 734570 
98 928 923209 
791 34 957856 
220 495 544349 
289 513 376221 
645 720 81066 
564 898 576848 
33 933 733792 
717 608 707195 
194 922 693773 
257 275 181280 
145 22 469252 
214 645 753712 
558 337 551192 
363 878 237935 
825 69 92027 
922 616 784509 
247 205 151222 
862 470 496463 
872 761 595015 
620 567 84962 
551 887 435324 
614 67 565938 
213 935 790578 
32 312 64142 
367 835 648933 
566 777 613661 
861 507 81939 
953 291 676453 
862 584 304085 
126 391 669249 
639 743 10501 
137 842 269510 
549 458 361207 
634 722 39282 
3 415 195802 
716 49 609925 
718 208 85404 
295 643 498428 
66 353 481151 
125 355 589 
331 982 987215 
671 333 16724 
834 673 519466 
569 865 508554 
796 824 89914 
451 134 708058 
542 418 440159 
33 238 413473 
785 427 19029 
422 754 102894 
320 701 135567 
290 602 139360 
468 852 521781 
166 464 605316 
343 360 126489 
791 563 480250 
335 974 642214 
734 278 543140 
170 697 695194 
402 416 177540 
970 244 224119 
229 309 993694 
654 54 989902 
767 963 870596 
17 280 762748 
684 322 959363 
524 852 64775 
596 393 430545 
213 919 510565 
276 160 661958 
983 333 471050 
842 775 787099 
290 861 404159 
973 415 381250 
176 307 400351 
487 547 708401 
465 180 710243 
810 688 756131 
177 656 79875 
824 837 294112 
558 58 948463 
277 307 63145 
200 839 298215 
151 927 927433 
349 673 76007 
56 598 464865 
385 307 779753 
178 389 326959 
681 910 559662 
918 55 550811 
81 652 889748 
871 11 844755 
676 646 11655 
578 53 518790 
635 628 59010 
47 310 300563 
858 899 964636 
901 76 118445 
729 786 284666 
901 236 306022 
492 728 447064 
622 151 819921 
87 298 29254 
320 85 778503 
544 85 398463 
659 368 217691 
608 225 504249 
962 747 946588 
988 998 621453 
93 841 867474 
891 234 149704 
948 927 441665 
160 524 325077 
70 159 44314 
500 748 566907 
137 679 475089 
653 507 321473 
461 965 394031 
613 74 180788 
669 143 889125 
823 145 272637 
797 628 440290 
902 770 541941 
371 988 499701 
552 320 201667 
880 582 478721 
869 190 835614 
719 265 902007 
238 143 918306 
536 649 681382 
108 939 796079 
213 506 87856 
28 451 195083 
206 854 435122 
42 33 642848 
267 866 353834 
645 38 372784 
864 122 92344 
39 8 378699 
202 15 636304 
654 554 601465 
774 687 258910 
549 207 653705 
511 642 981619 
311 923 441569 
212 803 544840 
796 795 709528 
773 183 198563 
844 494 438022 
761 821 430601 
163 141 176711 
999 375 736436 
880 516 945567 
435 419 658368 
773 124 743560 
827 995 685409 
928 475 569492 
542 780 12863 
245 321 712194 
881 694 657967 
753 569 46936 
567 605 942273 
269 306 293250 
194 796 856059 
618 161 155487 
515 169 494085 
629 862 747457 
978 437 428039 
427 368 23793 
838 209 834734 
170 766 858688 
663 741 231608 
89 779 895812 
733 759 463670 
397 701 589690 
540 600 218932 
757 935 7489 
21 180 401363 
258 181 752248 
75 343 106723 
319 952 757725 
495 327 753463 
841 714 262319 
656 228 817371 
621 124 423492 
206 415 102310 
375 399 92340 
62 404 162349 
268 370 319391 
959 64 332550 
437 552 979615 
532 649 595468 
964 155 653669 
919 635 614889 
116 774 506665 
285 227 397434 
711 624 334721 
777 362 840587 
303 284 128660 
372 463 56260 
923 931 658172 
999 808 724844 
339 135 714201 
196 377 897721 
64 57 280618 
484 174 197274 
926 202 179665 
333 31 292074 
635 643 151300 
998 372 453108 
242 347 553395 
639 518 413072 
124 336 500380 
441 798 129612 
519 536 558365 
637 769 262779 
33 919 299884 
711 792 364359 
84 124 689195 
356 912 168448 
628 498 730815 
778 225 127264 
498 807 932845 
606 556 376272 
36 634 226042 
452 253 421863 
543 901 710894 
936 178 769704 
641 75 904348 
816 471 104190 
68 41 796350 
913 895 593678 
444 202 106211 
759 246 502679 
322 883 709183 
84 819 977713 
890 654 838030 
64 654 546009 
424 56 742440 
802 489 174987 
491 6 405475 
299 323 220633 
41 186 937141 
96 817 506677 
829 245 798182 
986 739 104049 
371 82 73230 
124 899 639029 
335 702 490081 
219 939 281936 
864 427 428760 
264 863 808162 
659 427 193055 
583 225 168578 
898 897 677703 
105 743 737398 
436 472 916097 
221 702 650987 
612 514 145823 
322 970 292252 
138 186 928657 
905 757 606320 
530 236 821940 
955 426 71161 
743 729 829848 
333 260 713446 
787 754 976777 
654 62 317764 
102 617 198350 
275 331 601281 
305 892 670999 
270 154 96227 
214 823 267800 
127 202 957915 
861 642 823588 
732 38 942795 
573 880 730714 
578 819 771791 
839 430 976279 
212 998 585250 
311 147 879236 
238 544 200499 
798 376 122007 
734 630 397667 
351 765 12955 
928 585 362095 
387 826 970561 
772 266 141641 
973 197 945594 
622 88 335268 
621 727 978011 
775 138 947888 
758 147 664352 
69 196 827084 
514 422 130739 
695 321 81065 
193 768 76844 
446 578 531946 
327 919 643396 
264 566 972012 
436 233 158817 
922 59 12157 
382 882 761976 
105 205 718217 
628 86 445914 
652 646 259955 
88 603 145540 
372 710 770206 
446 373 878487 
641 246 181487 
489 574 37822 
424 791 888821 
702 849 493595 
855 909 13780 
808 778 114418 
130 950 398372 
161 912 310215 
741 914 197113 
293 664 623173 
53 501 449650 
392 324 52429 
414 623 985462 
699 39 187357 
348 831 847362 
475 171 546176 
546 654 557130 
211 248 286126 
443 191 907074 
236 514 844281 
470 940 286069 
637 472 300560 
657 423 673117 
925 960 294010 
947 886 270378 
715 857 608556 
401 957 500444 
196 543 316296 
369 578 72241 
85 513 891526 
192 818 109755 
565 352 522062 
269 462 240507 
652 588 959926 
226 126 327218 
221 118 547828 
136 357 589297 
240 125 297973 
394 458 965562 
49 506 451920 
95 319 615460 
29 886 257654 
357 911 755459 
167 371 329157 
904 499 730973 
974 744 420637 
935 973 289000 
513 794 193725 
211 178 395024 
732 61 110847 
702 88 831291 
366 747 324885 
319 662 299979 
605 937 897045 
593 825 110402 
179 144 414268 
888 832 567770 
706 216 627071 
948 454 922962 
754 53 281460 
889 845 852894 
73 457 913686 
864 39 162804 
950 233 51183 
742 708 90559 
194 803 962233 
301 84 882941 
943 314 724322 
284 417 850183 
632 200 104776 
220 624 858631 
93 156 251649 
431 477 411439 
223 132 654197 
263 548 419350 
152 609 752163 
960 497 611019 
415 287 921977 
397 839 96966 
122 24 226233 
472 295 801676 
603 17 963947 
417 398 987969 
610 558 349223 
345 712 603127 
628 41 777049 
297 539 127369 
892 568 394055 
459 389 726330 
283 440 61921 
691 365 820512 
936 249 856892 
1000 772 871997 
18 813 393753 
875 129 913329 
121 958 340358 
868 662 314091 
439 394 103396 
723 220 577697 
374 568 845386 
700 541 469094 
3 587 123097 
626 801 573467 
62 156 243818 
594 217 229126 
394 766 816969 
601 202 79385 
816 140 40534 
969 532 118621 
291 913 412326 
665 962 626506 
979 799 617047 
850 525 538764 
716 243 645727 
472 846 745297 
99 948 606505 
720 658 285943 
492 578 292701 
820 595 690797 
388 8 601924 
970 517 545246 
142 572 78854 
152 964 514043 
800 705 778438 
109 793 401586 
954 57 255043 
305 526 675298 
124 705 318618 
680 934 938564 
926 955 162408 
410 572 178358 
174 221 890393 
822 290 407335 
703 400 479076 
143 789 13793 
298 80 397054 
883 417 554475 
378 847 6727 
696 872 216091 
374 593 479085 
229 762 999053 
567 525 137627 
267 268 759575 
464 607 561841 
500 88 683899 
382 845 721845 
254 838 150552 
667 871 357989 
691 426 593572 
305 263 190707 
302 645 736902 
850 334 282450 
771 940 738902 
386 85 558820 
369 964 132103 
932 547 843487 
757 873 808859 
738 812 45331 
114 930 807978 
633 401 633995 
719 695 505615 
131 543 52051 
814 481 447965 
379 962 952424 
888 379 222741 
479 454 628579 
878 575 230753 
141 192 746011 
856 223 502720 
317 832 656254 
978 341 129414 
798 839 925688 
476 767 441740 
289 749 477722 
874 571 641941 
600 204 794655 
150 265 247076 
937 96 952477 
664 154 558347 
48 670 392184 
38 503 703698 
577 143 771334 
882 902 696680 
410 27 123951 
945 469 415093 
233 626 569466 
453 670 428425 
541 691 395455 
127 589 963001 
978 615 857514 
32 580 275299 
412 300 115657 
648 562 626305 
358 400 140965 
738 860 752469 
585 555 53724 
988 926 7142 
792 996 414521 
389 427 301840 
375 622 612832 
593 642 89680 
889 424 303352 
320 801 501644 
102 3 245619 
825 893 985584 
967 994 67165 
926 212 819976 
153 156 806493 
317 268 637314 
992 785 36464 
671 37 195545 
377 228 294700 
647 245 640733 
331 794 682423 
320 749 924380 
473 717 29478 
531 310 600316 
992 169 630020 
793 59 889003 
577 532 10452 
73 117 89734 
868 959 280901 
634 115 475567 
501 516 233482 
284 224 631016 
305 234 836356 
211 212 356686 
952 985 475169 
611 284 169103 
448 555 25646 
723 457 640764 
59 584 138571 
671 938 373172 
21 232 960336 
123 716 988900 
860 436 102054 
44 396 38427 
734 457 750077 
123 189 794171 
31 847 867319 
308 966 961823 
787 417 430963 
837 37 780768 
709 183 252675 
333 74 538948 
802 491 869500 
985 225 737990 
645 172 430974 
517 916 125037 
394 927 987983 
902 99 825960 
929 935 892269 
804 302 107836 
980 395 405625 
848 612 177319 
119 877 418820 
768 559 177435 
485 531 759610 
980 718 936450 
415 905 307923 
406 466 115209 
918 11 945388 
950 891 27023 
192 766 751377 
307 357 434609 
231 190 579763 
198 955 949552 
578 651 327883 
559 985 76621 
532 914 502048 
85 779 243888 
135 304 4346 
399 159 325028 
198 920 498927 
212 995 722483 
253 391 911553 
637 719 875306 
833 550 255430 
103 757 529530 
863 323 651376 
791 420 735545 
885 980 340784 
142 576 363666 
602 377 5354 
821 795 722405 
307 436 807499 
93 606 945224 
161 495 521698 
359 919 373329 
667 999 686565 
11 523 569257 
977 142 384409 
59 438 21636 
779 915 569366 
810 8 547969 
171 562 714253 
472 265 147008 
51 553 970120 
795 657 489474 
700 132 265947 
894 761 45839 
614 944 151045 
95 667 171458 
374 935 381189 
130 248 931624 
573 83 494078 
781 513 193160 
958 848 357750 
668 712 87378 
646 43 26132 
862 332 271422 
757 112 409651 
262 195 154378 
547 730 249227 
455 586 137053 
235 458 573621 
176 898 188919 
403 340 94537 
480 828 581965 
930 503 500772 
769 350 34443 
380 999 606486 
593 746 420937 
598 415 810722 
140 571 249303 
466 641 202403 
652 883 735423 
662 857 887002 
223 168 634343 
970 476 125288 
373 702 471875 
869 45 475042 
576 487 644002 
64 707 523016 
622 530 587995 
497 95 865785 
357 648 623949 
709 4 50948 
732 608 699229 
757 22 503620 
244 991 192412 
19 697 929921 
629 623 452912 
22 327 443872 
712 20 820380 
526 875 259703 
454 531 565914 
150 575 641775 
122 9 441546 
241 753 424603 
185 668 301730 
868 178 774285 
67 666 781947 
308 697 404064 
397 159 246635 
670 911 531691 
789 857 939095 
825 911 13254 
388 848 999568 
667 161 139572 
438 273 402012 
435 775 441260 
126 762 50319 
691 286 462117 
831 298 883901 
845 789 431069 
794 56 330959 
142 899 970711 
144 875 779021 
327 73 108357 
643 713 74 
184 780 237109 
263 650 407497 
28 541 389558 
183 468 879232 
308 126 974344 
352 365 141643 
951 522 25963 
420 449 987979 
542 991 353170 
264 28 643680 
985 129 575313 
838 102 883845 
499 810 194411 
525 821 884875 
130 692 199490 
151 15 212294 
275 999 801524 
643 750 895252 
538 525 588681 
945 814 915539 
156 677 234610 
318 626 464918 
90 445 561289 
266 413 511275 
11 91 251990 
365 338 172438 
970 415 573774 
788 648 991047 
757 62 121398 
961 655 708063 
805 455 920566 
345 88 188756 
566 506 477759 
12 749 510131 
221 271 458743 
825 103 364085 
363 228 962662 
374 454 873800 
526 488 724188 
22 621 837611 
296 313 773452 
658 173 463303 
241 434 957030 
329 289 351396 
27 395 964525 
37 275 737651 
109 127 73371 
658 336 200462 
470 688 749716 
393 477 417027 
859 182 214330 
792 564 561662 
498 183 530485 
940 45 798411 
444 103 26991 
977 562 988048 
127 6 693640 
185 619 683991 
101 330 331708 
106 715 6878 
56 916 449496 
589 838 676943 
413 254 627895 
13 400 539453 
953 155 173477 
220 282 111387 
118 214 377547 
869 178 533069 
190 261 449439 
235 788 971362 
185 345 896232 
657 325 13395 
128 520 830863 
310 162 717334 
477 79 662154 
647 915 747448 
100 668 650798 
468 23 664066 
630 668 921547 
755 954 547340 
790 268 371383 
792 674 989162 
641 669 190956 
850 360 790026 
620 152 789342 
799 423 331022 
885 260 146314 
466 523 646983 
378 884 996733 
515 432 122566 
998 134 27075 
788 769 184848 
251 218 654336 
7 192 827032 
10 2 548495 
816 675 609723 
493 373 276528 
120 862 782337 
809 423 846632 
731 35 914380 
651 976 852529 
127 371 10318 
775 342 484109 
490 609 493978 
875 342 986426 
478 987 954916 
421 594 733917 
441 968 917432 
917 233 406060 
69 462 324317 
966 247 538606 
566 344 915333 
292 486 812581 
624 951 526739 
788 849 423752 
605 959 687437 
533 453 994392 
368 325 408553 
160 203 143673 
748 453 834415 
255 18 471613 
752 97 390312 
396 271 392862 
852 80 451357 
288 671 945734 
245 947 901832 
566 444 177053 
692 849 311259 
585 122 128275 
959 654 438092 
625 825 51084 
581 575 811900 
449 782 519148 
429 507 31285 
588 475 541179 
905 45 983383 
689 38 836096 
357 269 500629 
309 287 496654 
696 289 335352 
723 633 308645 
40 908 37207 
788 233 711557 
678 243 732608 
736 58 299764 
912 956 780795 
22 606 772197 
588 518 641679 
522 772 885169 
473 702 431832 
379 518 662791 
589 298 207428 
558 974 659701 
107 454 524949 
934 422 205152 
333 568 171996 
953 592 693383 
640 994 93123 
336 531 472011 
865 103 809631 
858 947 841610 
563 520 151485 
714 498 20652 
616 628 788565 
560 977 573366 
223 530 211003 
216 50 321738 
565 655 910929 
286 19 326268 
267 755 646066 
343 290 806167 
489 116 625573 
657 500 478660 
959 226 750408 
909 194 226100 
688 951 148440 
91 427 855326 
867 10 431413 
146 731 724169 
30 598 73740 
812 772 879555 
970 782 850210 
884 995 192573 
254 458 633175 
224 32 547026 
32 992 805520 
427 469 298826 
408 544 959252 
206 577 46388 
823 418 590069 
830 277 236546 
991 555 785605 
857 256 589763 
83 932 644862 
779 109 998007 
54 45 593434 
96 397 592474 
135 444 330752 
568 523 115170 
626 51 90203 
349 56 990258 
288 945 329595 
280 534 427685 
498 113 382093 
87 906 783914 
582 298 25649 
467 421 218516 
115 394 826430 
340 669 513590 
884 542 855087 
941 517 982809 
152 581 264619 
584 365 918151 
469 444 164285 
288 247 686616 
506 383 950963 
685 361 340268 
215 109 4361 
812 730 227848 
953 129 493946 
911 727 534781 
354 615 522199 
959 186 375827 
160 742 362069 
830 135 49887 
471 542 375411 
84 944 106327 
84 139 727076 
341 51 48608 
488 775 754175 
529 709 92233 
25 821 380843 
915 605 613833 
942 480 754979 
244 895 625904 
570 741 20811 
331 60 902379 
783 1 385111 
9 429 927909 
562 670 141810 
650 114 972313 
122 670 428258 
492 885 995680 
685 375 910345 
832 164 112054 
57 449 64943 
494 323 837960 
295 215 564208 
299 105 134651 
373 189 348148 
734 773 467903 
283 792 93472 
82 764 936147 
247 812 318056 
781 351 560093 
328 282 565265 
400 788 465620 
305 428 300114 
953 783 570873 
492 329 60739 
54 14 750813 
156 263 162011 
108 873 947461 
77 92 399926 
828 506 991664 
189 187 97031 
962 913 589436 
637 257 699398 
317 533 928340 
819 209 824255 
667 96 88444 
633 651 944393 
307 387 509799 
134 580 535892 
764 289 621852 
121 585 42878 
701 71 921859 
39 216 311102 
7 210 866341 
35 556 224052 
528 181 631895 
261 969 583070 
909 239 797098 
510 709 347338 
82 654 647739 
547 22 673386 
572 690 578887 
982 756 682573 
225 378 947115 
540 133 769285 
266 614 881044 
310 917 550152 
328 430 602483 
222 196 371795 
208 379 159146 
990 726 485122 
787 153 421856 
261 912 133813 
484 519 491315 
27 892 934281 
149 445 129054 
218 822 165371 
826 300 875592 
841 497 508306 
555 527 261217 
510 541 770353 
942 213 178677 
902 105 311248 
513 891 265265 
50 868 498707 
607 891 945929 
319 950 671429 
226 90 548450 
650 746 393463 
582 437 221334 
176 541 958747 
346 651 564367 
309 294 143135 
967 693 492243 
601 206 841538 
381 437 874893 
788 837 811111 
115 665 374636 
35 382 574329 
351 45 568729 
468 690 584587 
844 891 236896 
978 32 730179 
929 459 813840 
788 716 950156 
149 805 186444 
538 77 896008 
492 951 824029 
641 971 517987 
356 271 681591 
448 671 428758 
632 714 937278 
757 668 385802 
412 918 811430 
713 699 321908 
936 608 510703 
585 357 440240 
560 623 381986 
375 981 100383 
489 942 338240 
605 390 318911 
638 457 83117 
968 470 376814 
756 64 493703 
207 25 851366 
558 790 682779 
548 785 285895 
980 133 548966 
60 199 641005 
800 14 760499 
914 356 624624 
205 732 112242 
456 149 68548 
791 579 925171 
711 314 455684 
484 934 136604 
923 109 581127 
730 782 446122 
190 752 502923 
301 608 789961 
370 64 949675 
928 286 269102 
829 407 915604 
496 422 542145 
179 447 896287 
933 911 761373 
234 998 689260 
144 123 257161 
827 156 295005 
955 62 446593 
924 191 83619 
558 180 555211 
21 639 913011 
772 554 741133 
900 833 535750 
721 926 903684 
415 278 72417 
362 167 635735 
318 140 712815 
648 139 434651 
369 666 462839 
64 401 383304 
523 660 353997 
552 756 145547 
655 312 204216 
691 846 920563 
386 883 577625 
881 716 640426 
969 18 89848 
398 366 932893 
750 934 172191 
359 624 828655 
694 719 516205 
997 290 306907 
394 838 610896 
775 117 864534 
979 724 972522 
400 930 883835 
451 751 183795 
19 391 663826 
584 879 335209 
492 359 198734 
557 317 758067 
210 137 169893 
736 62 601859 
504 816 995377 
812 168 18547 
525 413 372865 
58 607 951511 
455 787 277992 
666 538 953964 
103 220 489544 
731 3 732166 
123 293 61812 
523 3 943384 
199 305 132150 
692 1 369637 
398 377 393840 
262 986 477558 
682 513 474270 
869 929 757506 
10 122 938174 
387 866 51682 
978 401 142799 
610 689 623817 
339 185 545360 
257 909 728046 
966 605 192890 
353 597 162115 
27 780 583311 
217 534 315343 
930 924 741555 
819 466 467684 
298 337 446314 
86 674 185778 
25 380 885437 
401 706 350808 
878 113 329269 
319 792 815996 
503 42 369287 
429 635 688272 
839 52 956730 
769 271 45472 
722 927 877691 
67 964 816716 
5 7 473814 
928 346 2516 
653 856 184316 
696 266 684859 
828 183 923422 
63 592 786225 
666 184 401737 
848 735 678561 
175 677 615803 
651 973 879302 
467 659 241585 
335 789 891643 
813 528 356388 
159 832 533801 
45 730 501353 
340 135 630199 
385 494 173288 
869 10 324927 
494 688 455365 
10 96 488086 
649 230 454314 
707 903 642848 
123 972 705332 
618 14 145694 
415 40 484143 
229 712 266688 
458 337 555915 
32 535 207081 
401 851 439877 
110 372 380749 
720 252 150752 
628 299 365971 
388 809 649558 
860 627 838767 
348 311 110468 
982 498 300109 
271 59 96760 
37 48 445985 
885 852 338179 
802 985 658427 
62 81 937338 
902 849 128705 
400 142 333717 
454 418 788765 
975 901 227583 
972 586 573439 
948 508 969943 
86 679 862114 
912 928 248374 
907 556 105737 
811 556 513863 
170 479 230161 
234 138 224823 
596 992 775636 
681 425 674644 
694 531 51601 
802 582 804685 
939 344 242683 
121 94 403928 
990 63 374556 
807 515 798083 
190 681 776783 
136 545 225584 
135 100 110350 
62 933 865817 
462 983 71380 
861 327 490395 
594 219 573178 
300 852 851365 
266 891 240252 
511 487 699567 
860 390 701452 
407 371 843980 
418 426 882235 
562 504 448267 
961 325 389242 
701 796 43932 
153 110 790634 
95 692 457019 
874 452 715126 
479 8 82573 
795 144 830404 
892 582 166156 
820 887 328708 
255 246 752984 
103 979 90806 
476 340 123039 
996 90 332891 
41 927 897973 
688 431 813541 
761 89 69008 
388 300 470868 
332 147 217758 
413 588 667972 
788 957 874014 
142 758 103412 
906 12 793869 
485 286 853159 
603 950 850031 
897 382 835434 
95 348 192722 
31 833 318899 
119 561 652525 
209 111 397968 
278 473 702909 
407 794 119711 
691 305 765003 
756 171 859167 
74 11 44006 
678 984 248366 
390 447 151555 
245 573 92824 
749 282 966065 
490 892 226331 
235 451 724178 
72 87 643653 
923 95 436614 
670 807 590950 
799 434 40679 
392 302 147270 
109 722 114446 
311 566 371230 
938 779 10687 
346 336 937306 
728 806 957551 
487 345 351939 
350 321 509752 
337 712 921166 
157 545 963415 
689 77 433236 
388 612 635382 
148 646 350398 
281 996 923845 
642 596 222985 
233 751 539869 
194 853 356446 
142 485 351159 
865 245 844182 
680 20 805623 
47 862 759532 
300 708 369108 
512 384 174012 
817 705 709434 
770 78 221695 
721 293 543812 
221 331 508444 
369 359 69878 
654 326 503336 
952 776 632363 
741 489 646092 
22 736 843268 
637 768 541968 
195 721 684125 
535 353 122248 
291 476 104361 
727 539 529050 
336 12 537243 
114 749 384009 
974 591 820613 
191 256 576815 
440 760 292381 
886 646 931046 
109 549 857320 
466 468 709332 
384 64 127524 
102 639 127317 
397 108 234983 
138 920 43374 
362 487 307849 
479 619 840544 
217 377 470417 
828 184 186212 
9 549 385420 
978 537 99772 
764 155 266749 
503 562 147226 
197 212 70350 
980 454 849784 
188 276 337695 
766 504 359149 
657 310 1640 
428 397 967145 
84 989 223457 
223 129 424786 
882 728 702314 
869 344 169151 
389 37 365006 
473 798 272316 
88 465 100135 
828 262 579808 
402 164 358275 
862 309 447407 
952 736 916830 
610 138 383316 
35 906 178909 
752 535 295544 
702 190 23701 
83 299 909371 
725 298 752919 
185 196 710793 
486 975 428579 
550 616 246357 
755 871 354755 
637 632 106713 
471 388 517359 
936 754 488134 
414 90 793009 
341 641 935893 
129 909 100454 
104 915 696404 
20 110 913701 
372 657 470517 
976 574 759067 
573 273 143176 
380 29 530162 
969 373 860448 
167 105 501773 
419 469 552652 
602 918 615245 
666 356 292642 
584 955 13712 
598 716 901806 
649 297 438420 
659 964 881774 
241 701 306113 
17 574 893769 
145 489 624848 
130 932 769876 
741 797 893434 
6 394 413813 
178 779 57796 
975 846 452753 
39 822 293615 
196 323 187682 
764 260 423018 
814 787 264690 
762 193 292532 
413 143 54474 
377 546 880716 
683 809 678598 
309 142 409394 
270 298 172634 
662 989 734977 
135 459 124085 
949 361 883490 
34 151 330877 
425 955 907143 
476 296 486127 
596 896 970147 
476 947 277232 
487 470 158652 
883 366 993682 
222 25 948653 
283 223 296404 
913 140 155346 
968 136 443677 
608 845 223001 
989 629 491015 
361 108 246959 
882 572 239157 
810 648 691102 
23 520 910245 
514 12 8543 
747 728 502534 
123 381 595595 
489 133 897590 
873 545 102915 
213 993 943275 
205 102 313091 
184 815 848451 
712 707 863025 
116 734 835632 
339 149 798349 
531 445 508282 
203 123 561572 
308 321 159492 
50 827 848393 
747 85 509801 
419 908 667273 
793 119 542725 
657 876 226484 
589 48 409544 
343 928 292243 
500 201 777689 
92 327 224709 
319 228 399422 
696 805 273092 
733 937 783306 
996 568 858972 
636 778 503092 
769 446 92005 
651 975 905259 
850 376 388443 
603 858 284983 
24 626 213028 
290 516 983051 
740 634 914597 
793 651 950950 
573 101 345691 
449 144 62150 
270 508 401932 
465 453 710665 
504 63 261402 
305 662 635489 
836 210 742323 
270 232 424871 
815 217 105978 
673 437 374352 
240 880 347566 
795 302 746644 
154 323 97907 
89 301 479669 
268 747 787560 
190 620 927466 
539 143 744970 
116 51 228186 
761 239 82931 
96 53 157641 
14 235 515329 
825 879 280777 
416 290 211551 
242 46 457844 
161 422 819034 
314 343 386379 
185 106 887954 
959 454 928597 
436 239 463257 
778 733 407581 
229 181 456724 
691 740 658835 
378 274 897812 
296 9 22440 
221 708 189720 
845 347 363409 
120 847 580740 
844 499 762553 
91 130 13007 
314 352 343404 
876 926 463429 
265 856 865176 
994 811 725708 
978 474 531809 
704 344 880930 
975 593 915002 
537 250 294014 
51 591 447115 
210 59 570821 
993 676 143014 
87 465 255316 
173 969 948896 
542 614 434529 
638 759 451492 
954 854 884955 
270 477 768335 
611 538 662674 
483 398 28675 
817 282 788104 
481 548 802772 
589 724 627251 
619 310 765355 
57 999 323385 
238 139 557314 
696 294 582884 
323 721 356240 
596 667 437965 
921 327 165924 
775 25 859282 
855 111 688296 
975 712 55958 
251 822 238828 
801 100 561048 
629 656 165044 
894 919 945734 
897 818 424457 
515 974 78467 
626 270 696925 
12 698 967981 
792 692 976973 
247 207 712518 
318 795 433357 
684 849 845409 
513 59 420826 
134 95 588942 
288 167 495437 
134 229 588281 
743 8 940376 
167 290 116912 
253 12 448809 
616 574 815578 
386 333 327800 
506 658 241310 
208 815 669211 
634 418 784970 
749 404 628430 
332 924 459930 
511 417 978238 
6 557 319060 
741 442 651530 
271 913 225779 
373 755 745167 
455 929 885657 
51 848 318732 
916 116 206861 
706 746 134794 
998 392 878635 
399 758 919074 
673 278 619044 
798 66 97278 
67 187 645727 
545 374 356441 
200 147 536006 
794 425 191677 
813 858 858378 
858 431 870473 
506 182 532789 
273 465 523524 
876 955 559924 
142 419 949893 
624 49 655484 
775 909 194315 
308 991 128671 
981 676 929359 
389 748 779367 
505 43 287691 
259 994 637243 
105 925 93899 
681 39 821018 
399 342 38779 
721 344 655751 
817 173 260346 
421 453 986079 
380 268 885019 
171 711 306699 
323 934 868279 
165 508 717050 
999 977 440953 
811 962 230776 
986 18 405279 
361 446 546803 
57 91 260884 
751 31 293868 
718 1 985861 
322 388 164974 
842 834 462209 
981 240 207806 
478 167 484038 
632 163 692283 
642 274 887950 
374 957 213799 
734 797 603657 
215 919 542972 
86 436 31550 
419 48 424443 
537 831 590797 
932 16 46668 
770 633 146268 
259 297 949291 
578 408 135189 
626 621 310664 
581 465 172467 
624 492 582691 
735 606 719768 
246 314 595847 
679 482 949612 
843 909 120596 
196 297 961557 
798 106 550088 
159 67 708101 
8 883 993651 
127 730 863388 
211 228 591210 
181 598 763677 
616 575 731292 
749 43 412935 
249 67 401043 
760 791 614223 
457 206 205174 
319 273 333228 
710 338 485391 
704 798 501522 
23 650 864654 
522 587 683308 
305 456 659261 
480 944 52862 
689 423 311634 
983 833 717127 
285 138 223793 
979 706 289225 
660 675 395479 
465 635 809971 
890 69 998858 
6 996 695773 
674 290 342994 
796 708 667613 
58 917 42745 
833 275 975123 
244 597 117858 
733 648 402272 
864 77 185607 
452 179 665184 
220 978 892746 
969 520 862461 
585 747 617478 
577 890 415361 
201 682 76484 
940 578 448208 
972 237 141156 
54 814 117866 
859 598 890921 
984 251 513671 
761 440 251866 
273 679 827126 
204 878 864828 
738 800 249664 
392 28 149875 
67 950 682280 
708 896 871515 
853 636 748395 
410 180 414745 
471 731 645881 
544 759 569504 
910 702 480494 
600 186 281784 
743 482 501289 
232 437 250466 
872 80 391693 
668 168 109373 
611 216 9401 
15 399 879998 
236 583 354498 
199 738 264517 
162 454 973612 
21 274 418619 
512 765 641455 
820 368 813734 
216 404 615647 
99 13 842244 
162 713 224345 
728 707 80292 
207 240 439494 
635 951 623095 
494 354 736016 
745 596 417374 
461 654 142258 
493 710 684824 
483 930 524128 
315 664 382603 
700 658 48687 
279 339 388556 
377 937 311739 
224 627 744753 
443 658 464673 
462 944 727605 
878 318 79238 
635 895 763367 
230 446 32271 
962 770 831588 
677 989 476546 
64 638 362875 
860 406 367781 
935 488 137885 
611 36 557215 
782 281 266252 
102 141 983356 
241 769 864446 
2 483 697593 
932 557 235280 
233 688 249961 
8 513 123508 
405 107 186309 
975 617 853295 
316 75 598332 
607 188 574793 
263 229 191360 
885 518 367083 
48 863 194629 
83 839 227615 
484 796 114179 
553 867 326091 
244 54 249047 
537 811 394343 
318 295 770146 
107 971 763756 
897 499 209615 
389 718 298289 
608 44 23181 
597 636 209419 
926 489 38925 
212 27 50854 
694 572 995405 
1 926 818935 
542 192 660924 
522 290 44585 
258 972 1643 
8 27 768408 
186 869 369285 
365 284 677038 
47 583 701339 
260 641 655674 
183 472 201448 
151 10 994365 
423 98 980769 
356 805 92884 
886 704 483962 
977 822 452581 
862 90 790602 
586 410 322258 
59 679 503432 
545 831 554856 
715 747 446689 
516 345 609567 
705 569 804110 
675 643 622372 
28 453 272393 
365 561 201073 
516 311 912952 
246 251 609734 
3 92 557213 
50 774 382217 
424 731 594280 
394 344 19466 
725 397 498887 
469 913 915479 
399 389 498380 
930 982 921714 
106 972 533641 
228 651 239835 
821 330 138391 
924 556 197791 
158 604 113149 
459 722 658732 
837 569 445611 
311 315 594945 
33 361 687040 
788 853 469168 
220 309 841328 
536 816 473503 
731 961 547 
871 229 754791 
108 355 328572 
261 843 456013 
310 717 44770 
731 234 996068 
987 323 140689 
871 790 805124 
647 538 177292 
965 35 970411 
258 408 662469 
776 830 607332 
274 257 62996 
578 140 344178 
397 24 126774 
385 574 192799 
623 630 963197 
286 623 615504 
294 516 790159 
585 439 262059 
883 432 297220 
692 200 635235 
282 670 38768 
908 193 965827 
790 152 657651 
17 3 84140 
972 827 497104 
32 139 265560 
218 983 916626 
550 553 898908 
437 101 199966 
127 7 577451 
460 718 748291 
3 427 22568 
932 156 446969 
167 107 621595 
922 444 754057 
535 918 646946 
216 485 199280 
795 552 625325 
929 540 604348 
764 115 158544 
702 131 315292 
696 780 560901 
410 330 400131 
682 10 905588 
268 363 25505 
653 457 884439 
725 296 446737 
230 504 930681 
59 221 776466 
632 905 878272 
850 988 640304 
637 213 313088 
268 615 29828 
929 175 26375 
58 471 396868 
275 141 200964 
252 577 525726 
545 653 426571 
93 765 738575 
661 256 625515 
632 134 980070 
677 919 686695 
446 497 274386 
510 409 75336 
503 326 779165 
137 323 316325 
243 568 454036 
175 689 57627 
929 151 862051 
24 671 121138 
647 55 691476 
451 613 934385 
118 113 705414 
777 838 763510 
121 599 119155 
927 333 421957 
257 253 864829 
5 870 595761 
172 522 554527 
856 966 780048 
658 799 275395 
748 560 772206 
411 852 814235 
307 294 785794 
497 962 500844 
227 146 752741 
249 553 805594 
304 342 593305 
991 629 80712 
486 715 732085 
298 70 211749 
683 235 953056 
194 599 892254 
317 609 343016 
737 22 201323 
6 382 993453 
349 353 354202 
753 924 535581 
767 675 209980 
778 246 662155 
81 500 365746 
322 980 437529 
165 581 678582 
104 253 786278 
4 535 601172 
426 524 235105 
447 550 726740 
17 578 116385 
452 1000 887242 
639 112 69415 
490 427 619118 
662 640 747251 
483 999 198179 
973 520 75620 
733 644 494309 
839 491 581892 
191 417 16835 
289 63 467074 
749 498 204377 
587 467 46046 
195 260 151035 
192 687 261772 
350 852 49139 
195 923 629797 
767 235 578703 
123 956 763906 
469 304 774131 
551 966 269638 
856 892 448053 
879 116 651845 
842 844 888621 
66 966 61069 
699 50 395357 
936 668 315899 
242 569 543659 
793 159 613359 
105 266 588206 
812 233 391587 
798 669 237027 
609 451 393021 
351 650 363027 
328 970 275311 
943 285 800447 
970 156 854765 
324 719 930288 
476 46 804734 
827 711 855729 
475 212 172015 
324 319 66159 
671 430 593402 
771 785 794673 
708 878 881785 
819 887 145465 
691 357 275488 
454 30 112839 
993 414 472645 
16 422 968168 
851 181 309614 
669 381 259344 
588 744 387953 
559 776 422444 
224 844 565433 
132 854 696782 
242 861 966088 
426 232 406850 
59 257 649058 
569 740 71645 
931 363 369729 
55 542 297443 
12 460 461605 
974 111 216113 
938 962 327448 
489 610 199034 
995 136 563550 
599 436 281125 
926 767 115702 
825 114 807852 
472 780 690219 
975 900 286019 
669 198 488850 
405 732 81322 
898 480 952595 
138 547 553755 
836 90 924158 
574 518 863379 
412 109 186229 
477 227 636680 
991 692 941888 
946 829 25312 
543 844 482924 
695 119 453373 
154 543 767202 
226 897 661054 
290 562 56746 
658 932 290249 
674 284 407173 
259 876 429459 
665 206 452405 
816 825 494648 
305 321 816779 
938 118 298790 
790 541 826790 
519 419 443656 
440 369 490033 
499 48 406716 
998 938 275403 
509 945 61384 
263 492 476529 
806 328 517671 
399 424 532328 
415 980 193060 
553 719 370458 
559 326 465780 
143 428 19102 
648 965 788266 
846 884 684996 
536 342 418905 
185 899 29611 
65 825 47393 
829 954 120918 
613 379 170397 
153 529 825282 
43 961 148869 
466 441 115904 
35 103 375716 
630 91 686077 
713 629 22196 
190 433 94030 
199 351 797090 
106 610 759145 
83 919 371686 
122 643 855088 
505 665 7127 
192 809 85988 
805 544 742593 
104 52 1739 
951 283 107206 
182 737 254723 
213 736 706534 
942 419 142184 
340 368 57812 
702 96 414329 
904 78 868308 
843 763 86233 
950 762 513110 
39 994 489809 
101 977 900342 
840 750 495475 
112 759 27005 
994 1000 421617 
586 111 560759 
808 174 53896 
258 802 516655 
86 226 315841 
187 662 941271 
893 232 400817 
283 466 158027 
507 66 916996 
758 120 427787 
981 466 97756 
720 370 800836 
3 65 26762 
628 56 768372 
51 844 129844 
545 263 163417 
988 967 325022 
222 271 808694 
906 43 269067 
465 508 938169 
299 989 863471 
221 223 90251 
247 386 391685 
858 882 91814 
50 664 502395 
778 305 940655 
836 155 710659 
133 555 516840 
789 815 378847 
773 320 797535 
841 867 535258 
591 909 287 
582 861 611504 
282 446 39541 
845 415 490068 
415 562 892354 
18 446 900775 
636 327 128362 
377 245 94090 
92 842 339118 
250 737 847463 
531 681 82861 
992 242 634091 
223 685 345325 
562 374 785766 
119 259 948758 
154 878 898970 
608 493 84094 
416 901 829181 
106 515 234232 
123 469 191917 
557 766 190427 
790 318 11197 
953 667 636597 
117 897 698622 
771 414 702669 
490 482 669677 
503 691 156464 
308 266 304466 
951 197 511021 
803 406 548170 
505 628 806905 
236 265 532061 
200 62 610570 
204 181 279509 
760 524 514064 
74 277 740356 
993 152 666955 
983 632 594618 
798 334 241467 
207 617 844378 
746 281 753378 
143 525 36154 
469 843 129420 
10 493 28687 
685 913 449484 
100 17 350839 
337 536 823430 
963 850 441223 
288 610 210674 
369 346 67286 
627 571 417773 
547 824 375045 
998 678 284477 
831 740 563242 
750 990 958510 
132 11 799277 
15 722 304003 
499 147 327778 
145 750 715126 
817 342 545175 
433 555 640437 
532 240 738330 
595 971 435742 
387 270 836375 
944 728 224952 
495 80 989444 
769 522 758413 
882 861 836351 
295 652 743317 
495 831 204539 
408 648 70056 
521 917 766115 
112 522 25715 
354 420 458488 
298 318 3452 
883 659 90584 
533 709 592732 
329 88 425330 
305 857 183146 
386 140 785845 
592 101 681663 
487 629 456372 
280 749 449887 
463 57 520277 
288 984 664695 
849 177 771976 
475 297 295147 
269 536 553593 
809 861 775241 
493 203 219202 
266 645 868160 
82 535 516280 
17 397 357861 
47 305 611845 
323 242 687482 
861 781 894829 
385 877 199795 
535 934 189361 
384 324 78735 
992 1 834762 
206 709 212276 
203 368 455818 
519 107 234205 
50 383 303433 
267 905 119432 
168 606 644868 
394 330 214388 
505 945 942000 
768 494 186046 
121 647 274071 
249 198 749718 
802 1 618523 
410 538 355209 
315 117 979797 
606 458 229233 
465 680 516592 
103 10 858954 
560 982 718799 
738 965 185775 
198 942 786220 
60 853 581917 
229 901 298517 
797 574 940652 
104 598 15153 
361 157 625597 
494 576 996605 
373 519 224877 
994 182 635018 
542 709 234543 
983 267 263182 
362 476 168978 
369 198 657869 
188 118 626284 
884 199 102337 
417 816 377615 
527 105 229506 
688 411 886129 
317 782 200323 
819 331 333688 
465 523 736448 
679 699 801608 
417 110 362151 
51 225 683692 
65 470 952565 
142 243 441790 
81 808 819917 
443 681 113401 
786 503 634138 
30 749 811984 
435 820 77439 
655 437 980499 
822 820 186874 
360 114 321214 
862 302 9657 
258 593 361623 
62 968 347161 
451 67 493567 
949 776 25903 
797 94 177846 
909 652 440481 
56 351 77994 
324 407 238847 
597 112 988777 
410 420 971114 
249 747 369541 
254 28 464421 
838 921 915499 
795 653 996341 
784 935 537979 
771 741 746350 
592 177 631034 
986 365 987333 
540 85 776660 
688 604 471535 
226 875 724027 
595 868 698653 
881 267 977154 
142 539 919882 
964 396 70529 
131 136 298166 
360 318 881685 
167 208 268129 
410 35 21664 
188 301 801563 
316 274 748574 
821 932 937940 
486 296 740170 
858 971 810990 
560 784 958346 
234 311 362311 
49 370 860677 
436 855 353894 
272 801 515836 
270 733 855793 
901 984 174970 
353 899 885492 
207 446 347690 
856 491 870173 
992 203 889517 
189 100 727675 
126 820 171343 
716 692 729760 
181 571 662652 
170 490 995556 
934 585 389697 
944 911 649868 
79 102 683627 
517 993 867945 
232 175 79627 
954 360 4205 
446 82 876373 
499 555 806346 
910 123 608024 
124 634 370346 
425 472 189326 
346 412 354835 
281 127 31083 
574 501 360183 
833 528 828408 
792 372 458272 
190 493 349666 
42 270 741081 
506 661 946807 
734 799 73686 
175 347 957739 
695 223 369396 
32 915 508402 
139 708 284318 
75 747 4766 
392 954 846099 
14 209 876238 
237 159 875654 
567 728 221605 
502 898 551684 
954 493 257561 
469 231 570960 
361 702 736425 
888 926 453548 
737 190 266926 
743 855 604605 
446 610 978626 
251 400 265910 
108 824 419545 
285 229 488405 
378 890 686783 
796 714 337610 
238 235 303688 
770 786 760203 
711 222 332109 
925 21 315494 
130 425 803809 
739 451 344207 
879 950 398734 
98 898 114240 
194 358 779206 
228 334 204015 
831 305 961943 
487 418 623321 
353 343 277212 
450 401 292229 
37 987 526413 
121 440 405358 
961 899 347318 
966 626 127393 
519 339 827327 
570 478 126965 
331 587 431835 
490 968 145973 
32 343 811579 
163 908 806621 
7 26 389676 
903 678 630537 
85 155 782029 
982 562 187670 
112 578 258542 
62 795 388317 
826 473 714321 
449 721 686710 
473 224 527208 
749 136 5548 
31 385 762045 
127 248 89089 
52 418 785410 
243 337 19719 
687 32 395277 
266 974 196350 
121 429 272682 
510 256 57029 
528 632 553990 
29 767 50776 
768 320 994190 
332 173 451409 
275 353 921465 
320 146 245601 
537 715 266861 
364 294 378759 
348 725 133235 
544 578 488057 
984 151 375840 
113 938 908149 
553 366 648623 
735 502 820751 
423 154 166903 
223 358 653126 
198 854 93823 
224 268 170975 
567 13 154396 
378 969 465265 
503 164 429971 
595 501 708256 
148 467 711609 
114 698 71608 
613 677 358318 
662 835 858865 
762 734 9174 
350 612 768088 
65 842 291953 
168 295 719385 
499 520 834531 
109 499 428795 
582 842 738839 
5 616 449555 
639 588 856021 
593 672 40251 
570 347 715636 
400 44 985433 
454 820 739896 
938 884 161863 
422 942 919652 
313 671 127248 
210 913 978573 
708 654 232850 
843 936 549508 
673 459 421153 
878 5 341244 
479 888 407009 
192 840 345959 
62 946 60112 
584 974 179180 
117 779 981787 
889 558 470587 
934 923 217074 
207 349 200297 
73 420 368105 
677 893 585487 
482 759 193525 
915 321 290557 
495 608 52041 
748 289 840346 
529 129 901230 
124 50 227387 
722 387 677370 
208 577 668502 
708 276 263137 
66 87 314920 
450 525 226541 
785 176 743531 
863 572 39976 
171 321 341513 
389 175 717185 
259 708 217645 
954 29 761260 
197 32 567504 
257 321 784353 
