999 4984 741901 970467 414 
376 140 886193 
836 140 108254 
376 343 229989 
376 638 605251 
638 655 381917 
795 376 323870 
376 846 807224 
376 677 66809 
458 376 78895 
376 533 676184 
376 776 313098 
315 376 582820 
689 376 481742 
376 360 209692 
68 376 832307 
118 376 676786 
172 118 642472 
376 233 697272 
645 376 168152 
597 376 998736 
376 270 195746 
376 594 139951 
183 376 375881 
376 347 840860 
347 979 430780 
376 199 517597 
157 376 261374 
376 235 316022 
235 804 441353 
376 354 813866 
819 376 588774 
22 376 899820 
376 853 508873 
376 128 53814 
240 128 424855 
376 73 41904 
376 921 772201 
11 376 804582 
524 376 337193 
376 193 291539 
395 376 830960 
490 376 830997 
490 967 694793 
641 376 244005 
295 376 45689 
376 558 174731 
833 376 900022 
376 479 914577 
376 957 119248 
408 376 232800 
376 457 813442 
135 376 379614 
264 376 206896 
376 163 592225 
452 376 30327 
452 796 447514 
376 438 995076 
446 376 184525 
858 376 375862 
981 376 892517 
376 478 335370 
69 376 39297 
700 376 804820 
34 376 121928 
167 376 530565 
376 980 19358 
947 980 287877 
376 515 360137 
393 515 723594 
762 376 955886 
204 376 250667 
376 302 876553 
735 376 539761 
376 109 732488 
376 424 937519 
376 177 197630 
376 88 818742 
376 147 502980 
376 437 460839 
376 761 8711 
376 49 517744 
668 49 236656 
376 512 531632 
376 312 25075 
376 803 516162 
376 813 606349 
964 376 46048 
254 376 306706 
906 254 346906 
376 674 371055 
376 359 80364 
359 252 748614 
376 174 67527 
936 376 325429 
897 936 834377 
376 606 988370 
791 606 172149 
152 376 284256 
376 410 327276 
50 376 679598 
436 376 408307 
987 436 87934 
987 519 361878 
376 707 779939 
448 376 132952 
385 376 542974 
3 376 409582 
376 2 529238 
506 2 390402 
710 376 541214 
376 94 66229 
562 376 14066 
376 734 863565 
185 376 782228 
185 564 949638 
760 185 136035 
376 888 851373 
942 376 448878 
376 488 88314 
376 242 735528 
212 376 821845 
376 698 372082 
462 376 182711 
376 786 570262 
376 607 438089 
376 136 754434 
98 376 534608 
18 376 594572 
376 337 425507 
273 376 934934 
376 271 963009 
965 376 48880 
263 376 3260 
376 108 57682 
108 544 942004 
78 108 889363 
376 256 135795 
361 376 307291 
376 646 826209 
376 881 395777 
376 426 922662 
268 376 605934 
266 376 81196 
412 376 602746 
376 809 737207 
149 376 447480 
376 477 24258 
376 768 789774 
376 472 147935 
376 400 258133 
527 376 355078 
807 376 280791 
376 526 786936 
376 919 574192 
376 992 555263 
376 758 432203 
875 376 44125 
376 371 102422 
12 376 889128 
376 876 467286 
425 376 617463 
425 234 339884 
309 425 921161 
376 160 466151 
376 48 936511 
139 376 592419 
990 376 214743 
376 362 292620 
376 705 505008 
660 376 691427 
86 376 955162 
376 917 931914 
530 376 329714 
418 376 166287 
376 997 256683 
376 912 250990 
912 719 900092 
370 376 504454 
996 376 286846 
553 376 957444 
248 553 860325 
376 208 168280 
376 80 617282 
415 376 615530 
565 376 964188 
376 954 600599 
751 376 853114 
751 629 247266 
725 376 411984 
542 376 180447 
376 966 657070 
376 474 805128 
595 376 814430 
376 225 459763 
376 672 270825 
998 376 783356 
797 376 491999 
101 376 234713 
119 376 503564 
327 376 309350 
915 376 528958 
376 528 309491 
983 376 611057 
43 376 325640 
622 376 177811 
376 276 107285 
993 376 947008 
376 681 596983 
582 376 601330 
376 943 897518 
376 986 436884 
188 376 447510 
593 376 845863 
827 376 777826 
376 567 404984 
376 181 565654 
376 381 910911 
579 376 129462 
376 27 320740 
376 35 819518 
376 296 639174 
376 77 757736 
573 376 461772 
376 913 271490 
376 480 799874 
71 480 552066 
71 213 91149 
953 213 404023 
847 376 847214 
847 745 250915 
53 376 983820 
287 376 314713 
376 507 801312 
920 376 866546 
376 770 1503 
592 376 780536 
592 76 5351 
376 344 100678 
863 376 484833 
376 23 268013 
376 939 850722 
141 376 593119 
376 726 555575 
726 310 235363 
376 771 398470 
963 376 223847 
376 900 365258 
516 900 697934 
376 949 902735 
376 307 136765 
485 376 277901 
376 774 290053 
642 376 84540 
398 376 544576 
376 577 627450 
443 376 808054 
179 376 152710 
503 376 491614 
75 376 809345 
376 570 296622 
178 376 755021 
376 164 102186 
956 376 78008 
487 376 48182 
376 948 556592 
376 201 787485 
376 323 488198 
383 376 799248 
376 272 695111 
376 159 690420 
991 376 942448 
999 376 16042 
784 376 451081 
639 376 180105 
376 837 624296 
376 743 576628 
102 743 686976 
907 743 777009 
376 929 322542 
376 113 943488 
96 376 97542 
96 182 509659 
376 349 655156 
376 669 64573 
667 376 118425 
351 376 976975 
971 376 428845 
376 338 127522 
376 10 436656 
376 99 660565 
886 376 199550 
191 376 755706 
191 935 664078 
617 376 373835 
236 376 525070 
376 636 60830 
107 376 737565 
711 376 929612 
376 546 962506 
546 763 848616 
376 931 988381 
661 376 524536 
409 376 676365 
634 376 58769 
133 376 290060 
376 495 37011 
376 110 595716 
376 903 751275 
376 36 452356 
849 376 360687 
376 47 983985 
47 861 383888 
435 376 529711 
376 64 824309 
376 708 739668 
328 376 302886 
695 376 490079 
376 40 389522 
376 534 616032 
825 376 37514 
613 376 536378 
591 613 313363 
613 626 813350 
498 376 139860 
376 373 136685 
151 376 901741 
884 376 927437 
376 555 20150 
376 320 796595 
376 379 32633 
557 376 781636 
376 144 352470 
856 376 491918 
161 376 189946 
484 376 504009 
376 346 87551 
308 376 565998 
39 376 857983 
376 714 487671 
376 739 854123 
904 376 262578 
635 376 117806 
376 571 290013 
590 376 154299 
549 376 6716 
618 376 39820 
376 750 196030 
376 615 259106 
376 630 799920 
376 350 876475 
376 578 984997 
376 210 610449 
376 13 886710 
376 901 523599 
376 982 943469 
228 376 250473 
882 376 923853 
679 376 358054 
701 376 844683 
376 319 996505 
852 376 352946 
342 376 931976 
376 300 824623 
376 413 252597 
376 239 134029 
872 376 749745 
376 293 654194 
376 392 429064 
376 345 334097 
728 376 519680 
376 481 663939 
928 376 314180 
376 450 454545 
376 186 631128 
644 376 344074 
376 801 274736 
650 801 249553 
111 801 301939 
376 145 750344 
538 376 650377 
376 65 903634 
376 433 911718 
376 860 311409 
376 463 211344 
376 224 236873 
376 138 993198 
376 469 6398 
431 376 248624 
799 376 137988 
376 483 89460 
376 952 773000 
376 190 623717 
376 306 708383 
610 376 44441 
376 978 450156 
376 657 669185 
902 376 466937 
259 376 44526 
838 376 901353 
659 376 714774 
376 934 212023 
670 376 969143 
209 376 647311 
747 376 322913 
421 376 891810 
376 633 861689 
376 262 720822 
184 376 366261 
376 968 777756 
376 170 199897 
376 105 694320 
376 501 723213 
376 568 477945 
496 376 583517 
496 959 626526 
376 153 501902 
403 153 512901 
104 376 355449 
376 545 480998 
189 376 280432 
95 376 38034 
376 97 591703 
97 850 566570 
376 911 877875 
376 384 873216 
376 927 533645 
326 376 402347 
537 376 468536 
376 697 348894 
211 376 56841 
499 376 809654 
596 376 442492 
376 603 252930 
376 551 688363 
376 640 492699 
376 800 879261 
376 198 671774 
522 376 633829 
376 283 878295 
376 227 929624 
789 376 994260 
376 156 505277 
289 376 638640 
376 878 403728 
559 376 250837 
376 243 646120 
376 648 770955 
67 376 470230 
155 376 636063 
505 376 69584 
376 288 735183 
376 988 393487 
376 44 462719 
736 44 835135 
508 376 66388 
376 173 611713 
548 376 258331 
656 376 947468 
221 376 303890 
769 376 335316 
787 376 67144 
376 117 335262 
353 376 857509 
376 933 492278 
376 869 987696 
376 143 152660 
376 37 383472 
244 376 866063 
518 376 393098 
376 440 196275 
253 376 444295 
851 376 546822 
247 376 41703 
873 376 342173 
376 19 581733 
376 905 442123 
313 376 185528 
688 376 393805 
376 250 409191 
937 376 816181 
5 376 685793 
759 376 576466 
376 812 827275 
376 341 582942 
649 376 75426 
154 376 393167 
376 989 25533 
376 502 57656 
376 402 856632 
841 376 895599 
652 376 920304 
124 376 397659 
854 376 112218 
376 25 845802 
494 376 325312 
376 340 697426 
598 340 69889 
376 811 954650 
376 70 148003 
703 70 556930 
690 376 790078 
376 834 860798 
576 376 207999 
376 339 847701 
333 376 663962 
260 376 746717 
651 376 503311 
623 376 653736 
162 376 79994 
29 376 907510 
376 368 979730 
376 716 430531 
680 376 139765 
973 376 477198 
434 376 435486 
376 923 365770 
376 32 199382 
376 654 559576 
376 985 424387 
376 249 948611 
376 692 35047 
376 491 972812 
376 318 163870 
281 376 352128 
376 325 407170 
468 376 850766 
376 277 497455 
376 91 783054 
33 376 510458 
137 376 183752 
137 419 867641 
628 376 889127 
628 944 621137 
376 721 28817 
715 376 491232 
658 376 524828 
453 376 890531 
376 215 248640 
376 738 744665 
42 376 149030 
575 376 498121 
376 382 482893 
376 30 196558 
376 671 621938 
899 671 972412 
376 880 710548 
602 376 355440 
767 376 171469 
432 376 203163 
832 376 147171 
304 376 500466 
376 664 773014 
376 366 993477 
62 376 433565 
376 255 520259 
376 625 67422 
399 376 921689 
376 718 638270 
358 376 348275 
600 376 736639 
376 611 43267 
376 59 506108 
563 376 416998 
376 727 909711 
376 764 918800 
376 467 154379 
376 877 282479 
85 376 717102 
83 376 969333 
376 401 971206 
38 376 598296 
376 588 879965 
251 376 790672 
374 376 125013 
219 376 789603 
647 376 737770 
376 693 330541 
376 755 183111 
960 755 940345 
536 376 734978 
376 389 552897 
376 61 883528 
977 376 356531 
470 977 447855 
376 387 724408 
376 685 685425 
89 376 815840 
376 16 100458 
790 376 386943 
376 285 99959 
218 376 688852 
376 627 173513 
514 376 869150 
792 376 543913 
376 465 210240 
376 605 46820 
376 200 274597 
376 396 590544 
632 376 779188 
422 376 84502 
376 57 342951 
376 696 747776 
376 713 653931 
589 376 980171 
214 589 98050 
482 376 571615 
376 970 848770 
815 376 801572 
376 169 743213 
169 706 751612 
376 909 69231 
699 376 587439 
552 376 910160 
552 280 993801 
376 938 406521 
621 376 189332 
376 166 881965 
779 376 231142 
376 895 599584 
513 376 53718 
322 513 717772 
940 376 815770 
390 376 120815 
376 885 526960 
974 376 759975 
376 788 508320 
930 376 975530 
376 865 769542 
376 220 581474 
192 376 103511 
376 41 83058 
709 376 405296 
376 941 537496 
941 445 895381 
230 376 762665 
376 950 973779 
376 840 540413 
376 115 757213 
376 493 462062 
336 376 733035 
376 724 562201 
376 732 229484 
732 229 901959 
376 397 352478 
376 673 482167 
376 892 697719 
616 376 282969 
376 60 577729 
423 376 692513 
202 376 889074 
376 464 726143 
653 464 389089 
376 682 465036 
376 550 775187 
232 376 4753 
753 376 308457 
376 165 319733 
504 376 307833 
376 775 486886 
376 380 629508 
380 720 489374 
376 717 154647 
376 116 294780 
376 132 866889 
766 376 637539 
914 376 276466 
741 376 11662 
51 376 31054 
9 376 727277 
540 376 922473 
585 540 657499 
376 87 222364 
754 376 983325 
754 569 47055 
376 822 628019 
818 376 135747 
818 839 554930 
924 376 874075 
624 376 902646 
376 197 924025 
831 376 370536 
376 411 793882 
376 206 870932 
363 376 486306 
566 376 442637 
376 274 208566 
539 376 173988 
376 461 30770 
297 376 708468 
297 891 934678 
56 297 28463 
376 301 290045 
301 275 354686 
376 599 550052 
376 798 99451 
376 609 446516 
376 893 739846 
430 376 154737 
662 376 802406 
416 376 580810 
245 376 34270 
245 74 169835 
74 4 790131 
859 4 725305 
376 587 495101 
587 20 635379 
311 376 794839 
376 58 895430 
258 376 981291 
376 334 412477 
376 28 474607 
376 871 424862 
376 176 888980 
376 460 244241 
376 572 946326 
142 376 489951 
142 574 371210 
376 926 331241 
740 376 410530 
261 376 313171 
691 376 378543 
26 376 263561 
489 26 207152 
329 489 766289 
608 376 170582 
663 376 263123 
376 857 403248 
857 158 498517 
231 376 442574 
972 376 624280 
376 54 72153 
376 428 477521 
84 376 579560 
376 93 839333 
520 376 467609 
376 146 138618 
375 376 1927 
376 246 283389 
376 330 644814 
883 376 983765 
866 376 413515 
376 560 973496 
376 269 416612 
314 376 854813 
810 376 584819 
918 376 672476 
17 376 112516 
961 376 664039 
466 376 350967 
376 976 215888 
976 955 833053 
303 376 30031 
376 829 718517 
376 451 160823 
376 356 234219 
612 376 296406 
376 203 367697 
376 180 642707 
376 984 295479 
456 376 5972 
793 376 768192 
823 376 388307 
376 631 31060 
376 103 519824 
376 292 955100 
376 723 840795 
194 376 448495 
376 475 840067 
376 500 780984 
376 63 689989 
63 134 781696 
376 404 110422 
404 778 663813 
148 778 689305 
14 376 831189 
376 120 731473 
376 378 790372 
348 376 74627 
298 376 159594 
376 332 407899 
92 376 47158 
376 321 385682 
678 376 240431 
376 523 794400 
962 376 557707 
910 376 637700 
887 376 99595 
620 376 602741 
377 376 729142 
830 376 146060 
55 830 678761 
376 441 839286 
376 6 169113 
376 367 290574 
772 376 265181 
52 376 901189 
442 376 78205 
79 376 119283 
814 376 827237 
748 376 160355 
376 686 86169 
291 686 298974 
619 291 472352 
376 637 462826 
535 376 544775 
376 889 179184 
376 447 568380 
267 376 141669 
584 376 495253 
845 376 469013 
376 586 737893 
581 376 817736 
581 241 346213 
581 355 219754 
521 376 910635 
31 376 705998 
427 31 353779 
427 916 737339 
284 376 806699 
376 121 469989 
376 702 305459 
123 376 841481 
123 7 807965 
614 376 933390 
376 556 548891 
376 808 31233 
376 364 884205 
908 376 167338 
126 376 309547 
126 509 561029 
217 376 611919 
757 376 61446 
335 376 792942 
376 125 776004 
531 376 362318 
531 601 766741 
376 643 45653 
376 279 983193 
843 279 425251 
806 376 319543 
511 376 569692 
376 278 570969 
376 394 456253 
205 376 395937 
946 376 320364 
868 376 527261 
376 238 487720 
376 855 76340 
855 922 495263 
855 733 192562 
473 855 462676 
376 405 705106 
391 376 830363 
376 222 858304 
376 781 184853 
376 879 395609 
429 376 536423 
130 376 779911 
282 376 291058 
932 376 426377 
8 932 551471 
376 580 564149 
376 497 889854 
376 731 937760 
848 376 493738 
376 704 533157 
756 376 237644 
532 376 99570 
376 554 495620 
386 376 915547 
82 376 719479 
376 21 130323 
543 376 386598 
376 369 920459 
196 376 194728 
376 24 550197 
471 376 887292 
376 785 295529 
376 66 349802 
257 376 673987 
782 376 803336 
376 352 397104 
376 676 304525 
376 388 517989 
995 376 559163 
290 376 565859 
316 376 272473 
675 376 955063 
665 376 346103 
1 376 901592 
870 376 375832 
376 492 8437 
752 492 384405 
376 864 126578 
150 376 474616 
744 376 38230 
223 376 166967 
376 106 427074 
376 286 323470 
414 376 47034 
376 187 79866 
694 376 507636 
486 376 83561 
376 666 410726 
376 824 933188 
406 824 859671 
305 376 8748 
407 376 681418 
171 376 231210 
376 951 424997 
945 376 951555 
376 783 998423 
365 783 655888 
365 168 472122 
376 583 74759 
324 376 291905 
712 376 174361 
376 835 190125 
376 749 533608 
376 331 540910 
331 683 714596 
72 376 342525 
376 510 150116 
376 898 369517 
376 449 73423 
561 449 673984 
376 890 200968 
376 816 822273 
90 376 647963 
90 525 959709 
376 826 15488 
376 794 590534 
821 376 467540 
376 529 133528 
376 207 312877 
81 376 971380 
376 844 519365 
376 195 716343 
729 376 32919 
773 376 133921 
294 376 919667 
867 376 43728 
820 376 100922 
994 376 451357 
547 376 634079 
376 958 561391 
376 684 351256 
802 376 811726 
805 376 836772 
805 46 120810 
226 376 927222 
896 376 440503 
376 969 449258 
376 45 327484 
376 894 819339 
376 420 384519 
376 317 481636 
317 730 456282 
376 439 774764 
765 376 607326 
376 842 874353 
237 842 473427 
737 376 787332 
15 376 111630 
376 742 497633 
376 687 442752 
376 476 415840 
517 376 60538 
376 357 336525 
129 376 939473 
376 874 318836 
376 828 151163 
376 444 379214 
444 175 485184 
376 112 535183 
376 541 685773 
376 131 392233 
376 127 22013 
722 376 412630 
376 100 587763 
459 376 420126 
780 376 692333 
376 862 456269 
376 455 343865 
925 376 185364 
376 746 595209 
376 265 28719 
376 299 433030 
372 299 262779 
817 376 167011 
454 376 57661 
376 604 433225 
376 417 668620 
376 122 267119 
376 216 121311 
975 376 845303 
777 376 64344 
376 114 514686 
43 707 826944 
355 29 663427 
135 444 921606 
403 948 953519 
987 873 155153 
946 562 48464 
343 427 92538 
4 680 554127 
928 874 453194 
973 353 130945 
663 405 930330 
691 245 334308 
302 225 65633 
561 361 918328 
463 459 180894 
945 230 322707 
341 689 166863 
240 223 841359 
188 427 584858 
902 64 491044 
956 827 943856 
327 974 98760 
17 497 242788 
349 493 918306 
862 887 185939 
269 522 516757 
35 523 346767 
682 932 724957 
529 471 744921 
280 975 206666 
878 4 631858 
988 569 861314 
148 977 532913 
722 36 446386 
977 582 47371 
546 447 431257 
303 54 648448 
26 767 205421 
59 507 619188 
881 532 986965 
369 726 17284 
66 264 740013 
729 891 878650 
225 503 114272 
60 276 11139 
516 200 694546 
558 482 854180 
554 28 822474 
454 109 403136 
551 524 688155 
946 175 878097 
849 516 678468 
344 61 17650 
460 995 644464 
795 398 175046 
116 616 831004 
455 18 86139 
453 993 809553 
779 91 182728 
985 262 205290 
465 488 45965 
739 786 1307 
526 905 774433 
32 600 733024 
936 942 513136 
920 682 716100 
248 27 817231 
794 429 661014 
485 797 57837 
373 493 799110 
298 172 184940 
42 61 735488 
880 272 202026 
221 429 522945 
744 136 970231 
218 244 523661 
773 386 74322 
18 695 644495 
590 46 265207 
555 551 749478 
717 297 533186 
686 724 95607 
51 215 595755 
304 843 185927 
123 469 814440 
361 112 749959 
18 3 977150 
682 74 943387 
571 834 685718 
163 521 35444 
36 205 552335 
256 34 107561 
141 689 816672 
324 100 921091 
336 282 79001 
51 451 401807 
992 686 112255 
889 4 564044 
380 587 882671 
504 847 94395 
270 7 985178 
962 993 274099 
167 341 420014 
470 944 676132 
473 826 420041 
121 451 70891 
179 681 733613 
192 217 262387 
749 755 493116 
605 84 579323 
912 317 179452 
935 950 983927 
896 286 73445 
174 46 593172 
498 126 862285 
439 148 151479 
782 739 610152 
456 615 448196 
844 926 501681 
868 179 683171 
309 881 737497 
253 933 4115 
112 22 705852 
761 356 763280 
875 240 908910 
972 939 279224 
484 341 999329 
189 576 635337 
134 344 699319 
654 857 45731 
104 839 80414 
761 50 625811 
761 274 434491 
670 68 155159 
956 41 786556 
619 789 342119 
267 302 203153 
994 558 275757 
212 354 608505 
281 450 171070 
489 423 222238 
172 487 80363 
229 810 550064 
590 557 752162 
672 867 905909 
646 325 822109 
985 694 29667 
79 205 190478 
425 275 332192 
395 399 78611 
115 805 727558 
408 824 390410 
263 613 467860 
832 390 810886 
993 309 502105 
66 7 900980 
545 934 920389 
818 764 81705 
2 296 517434 
190 217 911313 
905 585 281831 
729 773 550178 
12 947 621294 
824 586 475318 
969 273 493446 
940 248 624582 
301 298 78930 
757 918 746992 
106 628 561826 
831 191 759714 
632 499 313182 
230 588 928971 
89 524 64343 
112 772 737780 
890 186 133004 
242 348 553592 
14 348 717362 
770 101 76090 
461 972 917095 
194 302 629146 
300 951 314324 
898 18 595096 
613 109 707592 
549 981 410460 
269 763 201136 
398 864 620749 
996 475 677507 
492 779 941753 
288 681 594377 
530 405 63803 
817 37 592673 
473 189 149207 
749 276 356046 
407 472 615646 
886 861 740654 
281 634 617740 
695 465 95482 
178 592 301578 
982 372 908872 
503 945 162208 
764 698 638040 
28 841 641543 
403 708 155659 
496 352 194577 
410 754 184778 
725 242 864904 
882 40 224557 
43 988 464435 
394 716 758896 
857 579 943785 
997 880 211085 
306 12 690401 
386 222 431672 
714 308 672436 
530 136 181210 
299 77 732324 
412 903 443134 
40 203 961696 
444 555 839374 
825 433 793494 
231 157 623319 
86 452 208390 
55 424 324218 
652 361 135647 
295 964 225276 
616 339 772328 
568 974 614713 
189 789 202388 
988 280 382414 
508 247 16007 
193 439 219774 
295 544 937541 
80 14 955964 
701 74 262864 
933 595 901873 
737 216 34162 
895 273 207861 
409 731 275076 
502 3 219912 
70 640 519010 
496 222 713791 
433 889 618261 
108 737 923104 
628 229 180538 
181 80 780746 
966 932 107755 
733 509 414873 
808 240 530191 
757 431 911930 
146 19 788287 
452 234 805636 
371 568 574510 
285 906 177698 
189 630 475125 
71 218 241279 
104 383 602787 
113 461 814424 
709 819 69716 
28 148 957692 
138 782 258605 
409 688 456264 
148 598 894840 
135 305 539333 
662 229 347517 
605 299 426454 
525 44 85133 
990 718 495098 
887 915 868997 
496 822 626796 
348 134 470949 
28 544 251811 
779 367 590867 
203 388 842832 
141 575 537061 
108 322 34593 
442 750 597029 
706 573 136348 
144 834 38142 
368 353 567968 
839 143 299204 
343 178 426701 
12 933 434442 
955 940 650247 
98 191 640842 
716 480 86122 
916 773 174867 
124 200 344856 
960 818 466059 
155 848 56305 
714 754 564766 
439 243 580037 
760 734 192879 
941 423 255759 
859 30 714426 
351 453 337013 
10 360 421846 
177 633 724056 
748 184 716640 
178 274 533469 
810 52 592420 
616 891 662185 
378 902 681810 
670 507 503809 
170 549 515870 
441 917 893401 
117 984 959528 
609 23 510189 
69 688 200756 
597 368 95145 
616 224 365596 
497 159 94069 
582 48 294467 
433 471 121495 
264 30 321788 
425 402 327074 
103 697 732638 
841 685 725065 
215 47 58097 
282 743 40788 
255 881 895886 
862 931 145812 
551 41 405909 
136 896 252195 
840 824 228436 
929 682 853284 
338 720 921041 
605 363 206479 
247 565 289076 
92 632 455071 
477 689 296148 
988 621 326333 
736 810 143666 
461 791 450381 
753 453 851123 
544 218 630964 
270 963 574867 
357 841 889210 
988 352 83040 
127 431 118673 
719 540 814043 
530 911 552406 
25 780 762804 
50 620 118772 
547 904 805536 
84 491 454321 
695 985 641361 
986 989 983052 
708 718 672765 
481 752 887390 
232 353 938217 
469 303 199669 
114 668 648679 
531 508 110278 
895 698 522205 
46 682 788312 
567 626 941873 
492 551 59264 
268 272 480504 
64 347 57117 
871 907 898028 
458 893 132406 
747 911 677823 
254 403 948321 
639 544 927557 
885 973 244371 
413 470 871911 
887 387 216027 
253 518 931356 
238 350 58253 
374 285 538169 
696 917 683217 
337 419 672016 
249 69 728598 
711 547 178163 
881 402 669114 
450 438 208983 
510 290 377669 
566 906 438560 
84 134 622319 
52 564 322771 
840 983 511266 
350 717 445812 
685 852 246649 
522 293 268755 
67 106 126478 
872 825 495705 
575 879 270252 
85 801 767245 
585 776 393260 
286 171 622271 
353 262 508924 
953 798 928646 
781 817 797240 
114 365 785066 
910 347 403486 
615 250 505993 
127 365 227624 
560 920 713707 
427 279 297622 
203 360 668088 
39 20 222851 
426 979 944405 
302 494 151573 
451 103 321441 
59 900 219153 
490 359 946590 
163 223 668450 
682 415 723726 
821 663 741142 
275 653 889532 
585 683 171145 
235 221 153605 
528 210 352370 
849 119 461485 
137 180 149827 
838 351 287086 
38 453 788551 
701 425 899269 
383 574 91405 
490 565 795836 
637 693 899479 
651 482 206495 
721 460 931297 
277 260 992730 
851 369 406160 
13 168 827404 
970 747 783262 
414 993 437738 
863 856 394250 
116 164 594727 
800 65 525615 
901 815 41895 
171 135 144739 
220 302 535255 
125 342 795422 
984 261 526689 
132 859 767105 
912 34 719314 
833 830 447920 
509 977 196968 
631 39 905236 
478 568 796887 
690 899 18021 
632 551 295544 
339 491 486378 
312 36 422991 
372 96 792826 
694 569 39841 
223 781 962714 
468 92 810002 
441 705 966808 
876 390 143157 
543 341 451068 
146 212 875844 
86 928 395340 
364 457 287133 
450 916 424725 
932 148 50898 
791 67 580862 
73 468 433007 
41 702 217117 
9 430 618729 
699 947 458598 
306 495 474614 
290 556 802043 
913 105 481565 
458 67 875408 
239 333 85440 
400 842 42258 
112 354 802966 
412 517 581373 
363 139 558290 
821 416 430793 
768 520 911106 
654 599 782046 
803 601 455440 
820 729 710572 
586 290 123670 
813 170 924363 
288 583 536706 
684 125 175918 
533 550 484020 
215 538 385809 
768 399 729110 
216 533 477781 
451 355 108816 
3 28 618303 
847 649 451233 
656 407 839395 
574 231 922433 
573 18 96803 
289 666 589324 
556 302 664628 
495 443 149726 
670 238 841092 
20 497 54612 
951 470 879874 
962 650 325388 
867 894 633831 
81 265 911878 
274 964 839381 
708 529 652800 
925 842 357380 
814 313 743182 
129 839 232306 
190 715 35190 
605 434 891554 
830 445 744532 
975 249 304071 
638 476 378250 
484 480 458106 
684 166 593071 
587 634 448571 
678 640 274120 
13 285 91824 
710 559 593890 
967 154 895332 
541 28 659672 
997 939 127658 
429 451 301991 
850 795 920973 
305 14 673758 
384 75 460581 
189 449 179528 
567 170 377808 
992 596 491067 
389 801 425552 
120 669 124491 
51 270 665312 
838 333 427205 
624 256 543394 
651 73 992240 
425 464 836999 
865 264 35775 
702 767 537792 
194 533 821030 
492 1 430894 
124 244 896163 
868 118 150291 
696 44 854110 
624 83 220177 
19 97 975430 
737 395 777440 
82 226 935278 
381 765 923643 
827 137 570183 
138 734 480648 
286 852 554070 
157 274 625104 
323 95 385491 
995 763 175643 
343 9 948240 
277 538 781978 
700 295 697823 
640 891 951703 
417 172 286363 
632 786 305739 
735 165 202371 
790 483 774095 
887 83 659754 
308 518 995318 
358 544 769997 
740 458 682025 
910 915 918063 
787 473 471454 
185 855 794138 
502 99 878920 
766 779 874266 
479 607 492783 
257 870 38716 
197 29 441518 
845 915 298890 
537 795 370935 
873 324 60375 
253 997 361720 
661 960 966426 
627 446 815062 
289 531 886392 
474 169 145440 
365 304 997465 
51 755 49520 
270 652 316375 
762 869 658334 
100 471 336827 
277 890 168702 
506 713 710569 
127 423 293087 
300 590 69329 
543 896 21303 
981 153 13132 
432 566 499539 
954 687 609383 
204 965 657535 
84 707 430594 
790 867 731120 
973 753 815059 
101 996 151587 
734 988 562913 
677 561 610544 
140 856 682879 
957 789 157137 
670 350 930686 
424 148 240943 
339 694 658633 
284 635 356698 
42 34 227565 
353 221 251494 
912 884 58618 
518 116 874662 
807 329 678998 
789 685 836441 
997 58 963914 
313 675 991676 
25 283 152697 
120 722 223156 
242 366 105850 
819 634 198323 
898 281 185999 
931 605 64650 
254 228 206989 
207 898 112065 
495 764 921771 
979 169 591643 
945 500 262004 
969 803 119302 
721 867 366857 
434 188 584595 
62 776 303017 
426 71 841311 
242 518 223982 
465 994 403494 
171 741 451091 
707 122 849451 
332 489 370163 
691 293 902501 
334 773 601081 
45 732 852186 
925 347 275486 
629 783 844696 
531 789 936180 
288 600 483530 
897 938 278800 
48 81 524704 
62 777 92706 
323 126 42783 
475 6 331487 
762 744 531302 
306 895 88742 
450 133 294167 
931 747 456518 
583 344 43855 
309 213 105801 
979 217 99205 
736 151 258864 
607 484 87339 
215 512 425507 
881 468 980499 
423 463 851225 
44 314 221166 
439 894 179083 
275 332 393362 
187 70 686209 
200 501 944304 
695 544 876858 
214 537 544865 
748 741 111981 
869 888 675031 
897 622 485078 
280 13 635791 
31 996 309028 
523 201 287927 
309 204 808784 
173 747 361561 
868 513 512948 
908 378 858914 
60 576 981149 
845 882 695475 
136 884 299030 
772 98 694262 
940 865 60421 
805 264 286623 
287 749 689053 
449 257 608447 
193 195 959207 
407 405 425756 
747 415 844386 
861 778 911380 
433 630 391375 
334 44 446787 
368 702 83476 
651 718 386131 
671 68 179785 
538 475 887637 
705 678 211863 
959 252 889094 
937 291 378748 
614 834 824036 
136 50 861973 
802 381 632543 
632 303 230217 
189 755 656342 
471 971 624813 
896 788 806494 
372 774 997755 
501 385 643178 
865 366 818016 
372 75 559297 
983 207 785272 
608 522 851115 
129 684 746157 
724 46 250894 
322 906 422535 
145 985 14543 
450 100 5601 
459 53 110403 
808 725 73869 
793 873 739164 
641 971 904612 
580 74 362749 
843 30 983344 
863 381 742872 
411 574 518624 
511 546 221813 
370 11 390976 
596 160 316305 
79 872 821354 
692 101 104305 
417 515 936953 
29 996 830160 
766 227 628802 
608 141 215387 
30 768 358716 
251 835 30861 
843 985 484418 
148 538 991878 
884 931 482100 
276 392 438018 
14 132 3628 
240 385 325035 
995 229 783206 
543 944 993624 
56 168 720399 
830 258 843285 
136 753 233568 
70 291 497101 
88 239 453985 
841 487 307196 
738 553 321481 
536 522 672733 
154 842 849814 
657 564 560442 
38 51 399973 
79 95 94235 
410 760 878223 
585 338 793181 
330 697 513024 
107 550 113364 
403 336 166221 
291 292 593568 
288 74 475948 
210 523 964457 
842 724 568193 
924 299 401180 
348 358 792917 
659 618 382324 
291 422 949424 
229 177 342693 
232 963 711405 
266 178 896742 
895 329 463800 
834 302 938684 
962 832 344754 
778 264 381993 
398 539 366237 
728 371 582923 
435 367 406111 
989 416 883188 
835 119 964411 
445 661 10269 
978 420 202607 
465 867 414852 
380 496 505491 
609 215 796912 
649 827 880375 
49 575 392906 
599 201 136667 
478 422 697114 
362 441 462183 
812 50 569269 
686 918 622228 
871 210 962668 
27 38 914411 
282 345 184308 
79 483 159170 
706 889 228367 
604 763 633307 
628 935 128055 
748 57 341836 
810 525 431230 
233 648 439672 
928 984 209797 
620 313 127393 
639 147 848114 
762 29 120678 
955 280 168722 
446 755 162582 
21 81 333222 
197 585 918041 
277 977 617792 
538 403 538392 
180 595 997982 
391 434 607507 
58 999 111748 
363 728 595291 
914 489 818657 
908 475 678022 
897 459 435597 
581 534 806958 
806 282 998321 
883 854 830536 
990 114 9691 
202 820 402604 
820 980 129314 
975 301 725356 
444 120 923636 
800 930 393661 
522 373 348554 
301 501 470174 
156 571 347882 
585 455 303392 
966 69 842681 
342 29 179676 
767 890 58154 
513 709 184139 
633 494 48239 
10 655 709441 
760 94 326626 
186 45 627200 
331 797 154119 
148 492 179973 
365 68 785753 
228 590 73995 
447 135 301295 
139 354 28222 
660 62 201406 
274 770 994130 
370 865 990797 
268 967 710186 
386 240 198447 
508 40 285464 
873 831 965565 
9 734 30627 
886 748 770657 
964 740 901558 
914 722 404510 
429 408 386072 
898 737 620849 
440 673 41183 
182 21 639134 
327 703 969974 
930 789 531842 
510 183 375810 
355 299 433706 
555 661 966276 
565 796 595227 
317 562 652724 
953 127 571805 
728 718 294266 
700 160 833475 
484 663 601978 
603 744 362582 
178 458 791220 
754 194 897393 
519 162 727672 
448 386 849755 
627 669 503897 
516 104 230218 
531 942 99480 
445 552 631739 
812 548 503951 
780 771 759566 
425 857 869277 
39 239 126930 
812 337 78199 
874 144 106110 
673 663 962655 
19 918 611624 
573 95 785768 
260 943 580264 
819 647 64045 
962 467 157896 
680 392 471816 
799 831 651233 
702 406 812139 
775 934 959542 
752 567 852558 
752 579 551243 
920 343 790897 
842 990 566380 
413 521 602457 
138 404 272770 
870 880 275413 
925 910 830510 
288 613 620230 
309 709 583407 
324 799 133299 
167 203 26386 
88 550 240222 
859 140 457388 
923 128 731882 
422 328 206973 
652 817 440567 
104 639 144027 
599 258 839115 
441 77 40159 
980 393 498546 
337 75 333390 
784 806 290896 
677 24 232325 
949 293 782660 
880 229 951195 
87 918 233054 
348 392 762431 
214 245 486925 
355 302 715817 
10 866 64158 
660 995 218898 
372 401 383049 
519 795 538934 
126 438 159034 
922 727 740310 
399 736 289007 
576 255 299238 
191 717 676918 
32 330 722558 
620 157 759669 
763 450 631647 
74 966 9969 
903 384 340501 
706 592 725753 
400 257 392157 
881 679 343581 
187 470 759643 
753 77 554593 
268 477 103327 
714 981 823650 
871 793 792142 
221 870 889599 
668 933 841686 
103 945 512385 
340 980 147643 
277 943 228914 
281 464 426951 
15 29 710795 
187 958 781162 
529 864 822299 
414 509 448681 
495 621 625359 
252 71 582167 
624 711 261692 
628 633 749294 
646 536 343608 
814 638 969608 
796 272 52326 
475 630 599391 
409 828 397122 
423 693 703598 
636 274 471547 
754 377 226318 
320 382 901345 
643 648 451535 
950 224 645252 
33 884 589952 
419 849 858585 
149 787 728801 
752 697 39035 
259 421 823425 
585 323 804583 
700 104 644603 
776 642 138581 
924 92 232297 
340 55 881950 
410 609 452532 
531 30 728480 
208 634 812945 
142 826 557573 
899 856 487483 
792 275 293172 
882 851 220260 
124 29 352695 
977 932 965780 
498 303 430259 
183 417 291574 
486 226 933364 
961 711 521166 
955 801 391883 
819 70 403611 
68 823 985632 
717 184 261821 
945 558 116296 
864 30 259467 
822 444 606542 
995 720 613690 
355 882 760041 
93 564 822912 
687 871 787402 
327 21 392411 
573 677 639090 
339 144 39658 
314 709 124722 
309 646 528642 
503 430 750077 
315 217 8831 
652 697 968000 
9 379 398023 
904 476 202979 
402 45 115960 
341 770 113646 
854 410 374617 
860 517 39318 
687 190 878859 
725 257 856513 
335 697 474491 
843 847 934852 
575 518 499916 
216 937 990315 
316 798 958192 
422 142 247167 
84 591 249063 
406 891 384304 
770 760 94577 
201 1 208463 
520 425 949149 
521 505 337674 
947 171 188031 
582 740 696822 
957 221 612408 
535 797 257412 
105 916 286531 
757 77 663114 
799 773 480789 
929 324 336059 
821 739 228313 
250 554 953390 
754 456 287290 
62 118 224238 
478 998 281436 
453 839 389736 
297 550 228778 
815 489 869128 
140 269 563708 
820 983 756473 
927 680 375544 
323 290 914611 
666 321 669969 
24 269 737154 
1 869 184125 
169 418 6948 
50 5 567408 
711 653 877159 
295 405 924114 
246 435 49674 
597 968 641194 
985 590 598172 
960 407 866747 
737 608 67181 
441 821 834195 
314 557 812267 
876 213 606315 
984 677 267418 
801 232 279414 
349 301 202174 
769 171 879147 
327 421 930740 
70 816 982823 
173 124 761520 
815 241 560161 
380 484 988410 
56 262 709576 
422 481 674892 
219 726 327194 
165 938 872304 
589 401 780599 
135 134 808889 
730 300 712506 
488 885 440784 
672 22 684295 
858 506 850671 
628 679 567825 
179 557 859068 
375 523 80775 
59 574 708234 
35 964 67268 
716 138 359187 
7 810 442722 
386 789 571552 
70 634 102786 
628 834 389614 
808 935 987745 
643 888 256143 
888 711 108874 
768 833 735025 
981 664 648032 
957 499 547530 
24 314 381106 
926 83 779950 
746 147 991025 
508 306 277509 
398 405 208335 
786 290 381755 
655 674 813095 
469 327 406134 
332 52 748223 
644 94 313904 
809 156 447267 
998 666 939882 
553 633 24494 
819 377 935344 
232 844 113215 
839 20 898586 
77 208 307932 
71 596 97206 
94 391 877453 
675 861 881761 
786 712 448006 
362 940 604176 
771 788 126381 
325 535 941370 
946 926 303532 
117 489 587861 
247 66 689660 
10 956 614886 
579 560 887587 
315 818 650346 
21 590 637540 
309 230 551091 
889 835 873667 
905 115 658228 
626 97 704747 
397 280 600879 
311 819 343571 
104 232 423086 
752 484 88073 
732 7 507203 
8 280 274875 
748 558 664061 
562 140 829606 
393 498 140690 
907 257 503655 
480 385 73019 
110 779 226154 
185 460 758259 
302 840 629621 
238 361 754419 
601 219 337312 
24 244 8590 
286 651 664892 
980 440 286193 
204 563 204873 
210 752 149809 
504 556 531595 
820 606 75918 
538 147 483818 
224 759 37307 
176 807 335121 
47 994 752277 
841 308 72062 
343 294 43432 
994 360 44884 
898 590 829084 
876 810 107522 
29 614 605923 
574 166 737143 
865 923 622817 
655 402 828643 
35 30 160495 
101 902 170082 
666 527 761076 
928 871 57986 
512 792 122111 
367 43 654443 
442 260 874334 
366 113 881109 
953 573 159197 
563 438 334521 
165 299 754325 
404 282 841935 
912 770 773071 
265 284 248777 
129 599 261950 
257 300 488149 
791 530 995340 
649 962 252461 
499 324 156003 
944 662 938720 
622 872 518903 
860 289 659256 
9 830 830586 
43 72 811518 
497 85 17038 
521 306 165267 
260 269 803304 
112 962 909958 
11 791 176701 
204 248 157282 
289 28 540389 
324 152 97790 
243 558 192654 
411 247 675150 
761 44 412572 
242 21 59092 
188 378 453534 
950 501 608079 
883 822 908968 
240 607 154254 
810 183 725569 
927 714 485716 
41 529 555762 
232 48 27080 
46 224 688630 
105 649 943639 
569 358 699552 
450 80 678418 
225 830 732458 
314 519 262235 
322 139 2498 
358 201 168170 
602 102 78143 
953 653 353142 
152 414 503905 
695 511 443239 
456 322 66517 
433 356 843966 
709 609 565000 
768 552 665047 
382 466 325000 
54 378 92757 
392 999 223739 
178 882 425342 
651 895 45120 
769 253 266083 
112 56 201470 
583 319 37873 
131 879 677564 
745 219 778296 
220 838 101704 
814 452 632825 
308 152 442008 
918 553 665669 
898 83 980405 
23 329 164622 
189 264 465570 
778 390 111616 
898 681 979087 
469 142 350252 
749 561 721190 
331 450 819750 
107 448 489269 
647 532 831273 
841 776 782111 
70 853 549467 
359 583 116496 
931 800 71054 
532 941 567114 
391 113 917765 
672 335 372576 
91 415 479723 
558 85 896528 
20 640 618507 
846 860 5891 
106 468 247881 
435 383 718805 
312 508 38521 
315 12 956335 
970 408 264828 
382 224 898496 
727 652 193475 
128 726 187742 
667 247 583113 
769 49 224078 
400 785 757608 
879 687 925866 
280 329 378090 
82 79 475449 
150 667 807878 
946 694 498003 
299 289 258256 
461 473 152822 
383 884 347063 
618 772 763893 
676 587 78670 
104 378 158206 
394 811 789739 
943 754 548033 
317 397 586410 
910 449 815206 
346 418 67923 
66 14 363765 
304 114 469893 
528 302 324858 
77 682 509244 
805 187 330417 
826 341 392775 
282 570 528844 
923 663 208077 
395 356 364740 
700 100 802696 
234 495 622607 
7 462 194436 
497 640 579873 
219 471 864261 
267 566 31368 
44 789 302961 
470 964 613524 
227 528 160181 
769 101 699021 
844 115 245313 
617 828 101638 
306 863 907611 
622 571 418494 
108 327 687208 
191 923 14340 
611 139 237319 
510 579 837865 
307 201 69784 
967 802 470709 
430 751 667562 
923 59 843882 
166 649 843296 
630 177 228614 
824 646 574688 
741 431 630637 
328 8 601526 
659 246 731314 
898 338 399385 
991 106 997226 
276 583 488724 
841 956 645667 
308 323 662152 
573 717 411769 
292 483 960201 
69 311 987930 
991 601 199871 
798 795 653854 
621 693 603021 
11 456 148952 
408 251 754970 
444 427 453503 
656 741 757228 
423 193 939777 
377 247 671437 
763 807 692983 
726 326 614070 
305 519 243750 
960 83 443175 
926 406 509925 
561 28 885631 
436 381 488459 
166 745 741781 
793 742 333663 
89 613 834383 
174 573 134132 
767 782 492938 
457 789 669218 
428 792 332302 
631 516 796530 
569 51 943508 
864 598 649978 
174 110 822995 
608 533 267366 
714 345 737714 
832 303 210336 
731 255 525937 
599 378 602530 
374 608 293956 
874 998 337707 
990 435 663644 
898 359 260511 
113 130 51020 
556 22 756691 
505 976 449816 
529 446 654763 
33 964 7158 
662 687 558377 
298 168 958199 
812 407 907884 
886 541 166942 
806 238 985542 
9 153 93193 
404 899 597278 
893 492 547906 
870 495 385735 
75 904 933943 
867 226 751137 
201 330 308828 
720 455 934042 
896 835 51914 
576 500 411610 
737 749 317661 
717 124 730942 
534 377 84033 
681 495 430250 
923 934 132606 
895 357 191814 
626 815 143426 
220 393 453595 
943 96 566783 
280 375 123279 
934 94 372131 
950 508 586630 
816 313 25757 
771 176 52737 
125 441 394941 
793 309 182904 
427 14 842162 
512 646 998948 
688 347 463212 
256 885 457106 
653 838 209810 
646 346 686770 
927 616 817346 
335 207 897089 
134 457 970603 
281 706 331252 
550 226 6529 
84 476 477935 
378 238 677678 
199 539 331885 
971 68 41891 
164 938 297020 
440 956 568031 
969 539 505877 
721 363 323586 
227 2 497332 
415 791 243460 
438 260 150086 
682 106 166789 
242 184 242850 
956 168 298228 
272 934 176364 
900 834 156106 
710 117 599383 
984 317 35511 
768 345 280671 
465 478 890909 
949 984 547238 
86 980 272714 
307 79 64861 
235 723 893912 
806 31 922097 
264 456 332068 
146 890 216448 
995 185 58977 
413 844 203246 
370 469 788218 
187 648 413206 
198 900 177151 
285 863 781087 
237 694 246012 
948 578 255321 
966 823 220628 
774 527 811768 
39 61 599719 
222 97 753090 
839 796 525425 
414 735 270508 
584 265 555854 
487 873 811914 
760 867 772125 
997 878 280754 
443 436 13691 
988 656 69545 
624 845 676791 
185 271 749717 
40 387 891620 
496 626 887388 
256 350 207925 
734 257 178127 
982 951 439057 
652 785 701652 
431 148 329054 
114 872 183607 
984 604 468973 
498 212 76287 
687 754 907185 
353 226 220169 
394 302 177905 
58 465 765709 
473 129 603463 
103 437 94458 
234 664 414150 
449 864 705714 
287 198 785198 
664 249 600723 
272 236 568099 
175 418 791404 
485 103 938626 
813 497 315348 
921 661 657285 
768 717 559202 
49 317 266146 
856 972 77273 
643 752 117263 
880 310 796680 
469 337 799182 
53 360 126036 
89 145 403914 
703 104 127451 
130 352 901188 
569 507 525994 
804 673 123654 
886 927 270658 
780 994 390067 
503 348 821800 
910 879 409037 
932 83 344604 
531 716 598253 
267 419 277957 
46 649 721362 
575 408 820789 
583 129 790420 
413 662 582162 
622 866 466153 
90 516 112352 
552 14 755464 
52 411 309920 
695 567 533765 
606 991 879602 
335 415 90451 
57 667 42632 
118 406 330 
634 775 681216 
972 515 184458 
468 173 774544 
68 592 540448 
718 61 341291 
70 994 284593 
528 312 514792 
273 535 212202 
816 865 337481 
518 916 811199 
105 914 25610 
28 565 303990 
946 627 514092 
108 647 526303 
132 808 257719 
650 471 83938 
970 132 269776 
381 154 536955 
886 477 805858 
577 726 744947 
26 262 211711 
430 777 284984 
587 693 992738 
219 308 33313 
318 399 893691 
120 581 367034 
829 809 825549 
988 561 234314 
201 492 885869 
967 277 1356 
499 327 11667 
353 81 306822 
968 351 158322 
664 764 197236 
629 904 968388 
623 409 597236 
722 576 104167 
911 128 203579 
244 153 623503 
312 699 691301 
142 80 162529 
436 937 186825 
816 66 37846 
811 489 521785 
951 992 560816 
635 266 908054 
431 586 193957 
420 738 79345 
422 303 844371 
579 460 465346 
959 114 678088 
224 205 397067 
410 121 796891 
453 287 981267 
58 344 592101 
205 721 599445 
546 715 425450 
172 626 120255 
369 818 397969 
739 485 33410 
517 73 297800 
793 930 392602 
744 271 287534 
773 712 860470 
974 994 830419 
34 141 242609 
917 912 272623 
712 763 118475 
69 411 442145 
786 276 272376 
833 855 918958 
228 377 963491 
242 513 47428 
121 89 792635 
974 122 883105 
962 221 121940 
656 214 897824 
984 487 406987 
632 169 968168 
52 775 270908 
186 239 470807 
199 18 682791 
80 917 49435 
401 149 503986 
271 282 456023 
979 934 762074 
492 510 815810 
996 69 282861 
237 302 408431 
570 178 456970 
369 106 369493 
211 21 606137 
535 596 609221 
875 303 67424 
141 618 987086 
619 100 892709 
381 98 229747 
634 502 237345 
867 24 422072 
538 271 494371 
924 57 847972 
276 498 78299 
278 618 674670 
712 311 667115 
365 415 567870 
289 397 201358 
976 214 597221 
568 670 729162 
521 79 39507 
347 675 833285 
667 632 899161 
899 71 384447 
710 82 148557 
533 907 720896 
234 55 887950 
922 584 869776 
29 858 799322 
209 196 558961 
364 75 809621 
598 835 523459 
921 272 822079 
635 120 853843 
558 62 557634 
300 344 403759 
426 821 752509 
327 69 214864 
721 604 774746 
852 337 535750 
656 373 353775 
470 578 756806 
780 324 168823 
830 965 392002 
220 660 527359 
774 28 306668 
590 67 967434 
995 865 78067 
746 495 264223 
764 8 117265 
293 733 235430 
989 189 572523 
639 315 417191 
554 110 961690 
581 708 258696 
852 670 868107 
405 369 414244 
995 41 920600 
406 867 158631 
650 339 894229 
770 232 307558 
319 403 145307 
511 868 765713 
115 708 915603 
141 639 347605 
209 143 389253 
234 24 724778 
17 264 979462 
648 780 79841 
271 291 339249 
559 758 991183 
587 144 415024 
585 358 447033 
253 348 615344 
945 378 11886 
743 686 205155 
516 515 176228 
58 486 96030 
382 946 630526 
515 679 802412 
395 996 967192 
917 566 311945 
501 262 569150 
964 512 213038 
411 10 380294 
520 663 485192 
501 258 385277 
285 57 212809 
404 239 972421 
51 799 410131 
963 657 631522 
874 693 12148 
648 806 645827 
30 488 174261 
930 738 843704 
237 327 502666 
513 542 737685 
469 638 359549 
277 323 197204 
594 501 263509 
833 732 148485 
229 651 397476 
146 993 454919 
228 250 111426 
656 931 527548 
33 390 353499 
573 317 590672 
477 321 440546 
150 980 743653 
253 532 292843 
543 967 977528 
32 615 403658 
375 71 934628 
784 599 202111 
233 890 747731 
820 764 591143 
507 739 813547 
854 494 909558 
428 253 185034 
16 659 808267 
136 911 381988 
290 366 68484 
77 548 270793 
471 846 817610 
754 336 955012 
60 233 109297 
382 882 489663 
957 916 533814 
549 306 421794 
764 66 787125 
318 864 230021 
908 503 115038 
261 784 143072 
645 822 887974 
915 55 709463 
509 670 832315 
49 53 18433 
568 795 814910 
203 740 884486 
889 106 402917 
890 173 45036 
178 223 746588 
629 752 185850 
91 711 377552 
606 587 108650 
627 139 154734 
527 324 470407 
78 289 516682 
473 352 644507 
972 9 930397 
709 59 551235 
577 221 726866 
736 491 562353 
698 623 777596 
214 782 802524 
968 244 842837 
560 270 737686 
634 529 54796 
40 378 479215 
676 604 89209 
151 590 370616 
72 322 195531 
490 776 875502 
296 896 369375 
488 252 814411 
103 526 842496 
293 339 524170 
740 867 760307 
580 390 396992 
947 284 299815 
484 448 242251 
454 301 164772 
99 454 63523 
904 529 42684 
887 700 78193 
710 468 986962 
547 349 298064 
585 260 859544 
393 881 696189 
358 653 252038 
772 487 75369 
306 315 503449 
197 5 72695 
28 175 598121 
625 750 623501 
895 84 84590 
407 976 693266 
973 834 601410 
842 438 526334 
677 199 730143 
634 343 562497 
42 331 530380 
967 224 742348 
676 806 181459 
472 721 119166 
327 837 218794 
327 398 492153 
750 910 658049 
809 152 157922 
735 925 290273 
527 928 110381 
848 196 256732 
140 585 999664 
232 961 557498 
661 410 875128 
728 104 625927 
847 527 457523 
638 307 14581 
5 104 107862 
863 590 643489 
392 788 552526 
579 801 683724 
353 257 141713 
881 381 735913 
74 469 343677 
819 423 520277 
515 871 917091 
227 363 440702 
664 306 592736 
110 757 771465 
354 888 124293 
618 143 228354 
518 966 210172 
755 275 234243 
300 204 543667 
595 785 415825 
967 21 24542 
649 608 605105 
938 753 192431 
427 610 931593 
921 179 864219 
934 905 708638 
858 17 976868 
875 196 643263 
586 91 893756 
889 235 77579 
178 91 385365 
298 795 586893 
732 180 342408 
117 119 763626 
315 335 751144 
579 3 802197 
25 453 547485 
196 442 625547 
843 233 217334 
381 861 844304 
902 146 415529 
120 222 880443 
716 601 40366 
791 234 355537 
196 971 315293 
880 85 151858 
583 139 314475 
214 506 507983 
642 260 674654 
457 831 457273 
611 175 388584 
914 644 679445 
258 847 672311 
675 301 323121 
292 556 135392 
31 478 658081 
894 41 258294 
160 542 631080 
903 528 779502 
157 917 225113 
177 291 772385 
57 176 498885 
336 861 188754 
728 282 24812 
881 96 491051 
273 115 932490 
116 287 408533 
126 366 165355 
375 1 457247 
909 768 985108 
880 230 722638 
245 887 225620 
788 664 978755 
679 516 79913 
325 989 941961 
880 597 298849 
602 415 142717 
97 940 470485 
808 253 393735 
857 516 473044 
287 779 705017 
816 293 560880 
214 899 419321 
744 95 676890 
959 72 692116 
950 958 428439 
2 657 758825 
375 177 298241 
37 547 211433 
946 675 593377 
477 620 952351 
163 927 857345 
235 657 615915 
383 885 608710 
218 950 709045 
853 441 564310 
868 384 2758 
932 477 478385 
518 873 528087 
596 578 402651 
869 758 393855 
486 323 608847 
448 499 585841 
904 419 507791 
657 105 251307 
829 815 640036 
456 381 749789 
918 884 915668 
740 656 961927 
260 186 548561 
819 622 962644 
757 453 826690 
844 113 775006 
104 632 746095 
990 459 508149 
423 510 653298 
991 661 334511 
920 123 697560 
246 160 364817 
386 798 650334 
382 661 885718 
936 437 956264 
291 623 808280 
93 985 715131 
804 968 465891 
214 442 170407 
62 931 985538 
793 1 295275 
105 171 230829 
421 39 120590 
93 745 965330 
303 64 962489 
755 237 43875 
144 137 373204 
752 653 739203 
853 963 227624 
421 640 687772 
20 920 218497 
891 208 694935 
900 300 240131 
601 902 3811 
951 81 905970 
579 978 25258 
54 83 61239 
669 931 613081 
573 819 870158 
779 701 96749 
932 849 13874 
490 29 50165 
662 598 915867 
947 499 788769 
923 846 888840 
233 583 193235 
505 547 401341 
243 464 234680 
599 305 983550 
938 378 745223 
186 759 106189 
846 538 830565 
791 486 217495 
976 314 216297 
601 530 473167 
755 448 591813 
991 305 980993 
149 60 507156 
686 306 99449 
316 109 991174 
142 303 798211 
765 738 363715 
542 159 504742 
292 394 598734 
466 268 18701 
290 126 624722 
833 446 506120 
779 372 925515 
724 993 135711 
815 961 200517 
99 632 130801 
347 818 841507 
397 631 847660 
27 79 928125 
836 212 67215 
638 516 443464 
932 839 284050 
195 94 495568 
274 922 259931 
811 606 452615 
672 798 875973 
974 416 762282 
734 859 861139 
192 433 256452 
254 439 624381 
895 605 865664 
491 365 710479 
114 104 210086 
781 872 501522 
646 407 40148 
710 869 666620 
968 577 207514 
761 997 312570 
202 55 161 
255 707 746443 
692 326 475426 
44 558 153924 
949 267 905515 
755 876 518026 
580 112 99298 
815 556 550540 
924 279 477527 
262 177 697394 
115 468 532785 
761 815 428673 
104 451 282682 
229 150 490519 
425 641 345961 
646 851 22595 
555 635 426387 
81 88 267153 
77 507 97004 
762 314 751390 
44 216 143680 
100 616 663592 
654 112 966977 
407 726 660002 
912 697 415182 
65 684 449957 
221 311 489974 
443 655 343640 
41 941 303550 
491 217 636153 
202 295 380300 
630 707 437256 
248 308 998267 
902 482 692125 
134 726 747059 
165 17 357874 
486 552 843324 
204 353 460924 
427 636 825495 
800 657 728062 
572 548 405735 
449 469 179043 
677 689 967725 
212 709 303509 
749 450 904081 
849 380 9915 
536 784 793512 
177 367 530093 
128 9 227575 
209 781 885784 
302 816 957667 
835 347 143600 
640 593 67849 
749 945 512066 
479 847 858221 
202 446 336896 
333 339 427368 
89 631 357437 
875 952 775779 
562 57 235890 
850 884 205535 
704 239 698900 
466 588 192616 
622 666 778495 
314 954 664232 
985 52 780219 
524 217 955869 
437 818 390437 
623 225 441314 
878 258 842534 
621 858 228970 
458 78 300751 
119 4 868320 
371 72 914656 
104 441 729665 
367 436 111755 
75 985 770073 
400 524 572256 
935 246 752894 
732 398 914367 
342 888 192175 
784 266 70790 
239 162 964297 
468 903 205457 
151 549 543817 
189 804 462866 
706 429 248025 
349 722 235204 
308 679 24363 
747 48 414967 
560 321 745938 
487 871 919416 
861 674 98655 
362 196 186431 
799 452 736528 
273 295 748484 
108 823 398975 
185 332 994832 
497 88 302818 
69 171 12027 
326 972 313743 
207 429 426388 
829 203 387232 
421 717 401380 
688 881 671362 
53 712 855151 
460 331 360687 
832 510 763310 
988 912 393485 
135 355 837264 
664 106 211795 
901 212 341379 
82 687 554532 
995 142 547360 
42 261 675289 
875 74 343132 
979 548 492723 
929 261 138817 
867 189 556562 
14 792 957611 
822 255 77101 
8 617 14756 
873 433 410227 
366 387 932317 
564 498 952663 
221 712 815727 
677 36 508338 
213 36 940411 
693 612 849109 
650 770 809215 
315 771 395117 
10 460 547314 
435 148 37160 
418 101 218355 
941 375 249885 
164 308 873422 
95 438 771924 
575 406 776800 
230 519 391853 
470 799 917597 
349 725 477669 
529 913 823052 
80 238 454774 
248 881 920653 
197 183 15512 
554 448 910047 
754 340 899853 
573 747 499453 
388 125 320681 
392 327 406307 
63 688 640648 
841 612 951753 
479 822 76010 
832 996 108549 
543 167 792258 
989 70 898133 
905 27 525636 
53 327 984916 
478 887 316524 
352 901 950183 
146 403 393469 
164 47 901541 
721 305 830706 
236 184 653376 
986 591 407479 
50 367 466920 
687 582 894650 
688 646 788618 
412 244 510929 
228 814 891290 
823 493 652173 
783 249 586793 
849 394 667543 
254 27 60216 
610 41 415678 
216 373 784312 
752 866 333435 
553 209 383750 
488 34 644537 
96 686 323546 
578 255 74375 
494 653 784147 
460 418 950847 
793 604 575104 
38 606 646445 
956 588 142384 
399 803 288750 
240 493 158304 
977 675 148939 
415 271 471020 
542 451 577035 
745 899 700146 
29 266 140506 
328 413 180617 
523 688 90801 
999 130 621619 
221 701 152084 
437 911 218892 
291 651 308650 
585 689 731984 
697 568 31163 
969 299 530570 
453 801 347611 
466 620 723805 
577 790 603725 
641 171 975232 
370 331 887033 
960 380 901637 
69 229 802670 
159 319 257175 
303 710 121100 
388 233 220063 
944 818 922657 
786 375 234230 
626 411 468820 
175 714 683714 
714 697 347831 
964 692 745685 
118 958 819482 
889 343 774642 
232 415 920295 
691 224 400787 
670 33 969860 
410 356 897997 
930 340 480934 
795 221 174287 
780 491 232761 
985 54 68056 
719 225 739896 
674 471 322904 
867 689 695485 
350 106 489174 
678 911 233483 
577 821 626049 
801 434 884888 
885 489 372477 
654 307 617124 
813 897 929010 
472 410 380281 
872 193 403109 
298 314 219573 
301 517 131370 
592 440 674707 
656 98 52639 
918 355 373157 
670 184 441483 
491 948 948630 
285 99 985208 
117 602 32237 
54 21 801839 
278 522 11874 
509 519 796795 
658 557 783001 
705 795 232895 
968 627 611954 
545 314 361585 
81 798 177830 
160 599 975985 
737 961 438619 
471 213 869786 
177 937 388087 
884 52 674229 
825 959 426936 
860 97 546666 
547 870 539607 
527 390 568114 
613 503 292973 
812 170 952299 
819 261 867946 
543 961 961004 
48 771 211847 
634 979 891551 
16 727 541889 
363 934 194363 
927 540 537262 
768 2 132113 
443 381 401089 
661 322 102641 
187 876 722660 
245 667 507394 
97 389 66301 
809 336 942039 
349 746 761897 
290 964 431234 
560 736 449199 
251 100 555042 
519 209 125565 
654 271 599781 
94 381 668618 
730 312 225349 
903 982 613860 
907 904 84351 
876 835 885833 
282 655 31977 
21 244 685700 
177 37 672518 
232 779 947468 
309 137 269357 
338 74 12507 
946 795 33493 
219 571 886247 
799 289 911064 
720 219 505565 
705 775 410068 
580 17 179961 
284 863 701574 
336 954 64749 
920 712 756232 
611 310 235433 
391 635 830705 
95 989 490412 
252 37 718507 
22 626 617853 
241 945 848105 
175 273 143867 
808 167 943444 
320 121 628045 
772 409 167863 
435 958 740884 
652 581 964411 
664 815 939133 
908 752 866972 
690 559 199314 
325 698 230050 
616 904 208731 
237 277 619654 
687 185 866942 
961 731 490893 
570 150 11842 
325 360 601364 
121 7 852703 
167 163 184095 
291 237 13633 
703 396 634271 
857 596 273719 
747 44 734812 
657 693 978085 
669 929 769079 
729 929 880974 
332 710 575176 
59 602 951366 
691 445 245989 
232 879 898983 
384 944 159545 
143 523 49846 
918 186 909387 
583 881 299559 
90 50 205693 
708 715 117349 
796 515 952660 
626 167 107580 
592 909 843203 
340 817 924653 
842 378 407312 
394 105 198680 
623 156 356789 
532 297 62830 
252 613 527786 
414 425 777906 
98 23 466297 
780 228 978925 
752 999 557789 
925 322 255517 
626 781 535455 
721 263 336493 
547 605 732683 
988 577 664392 
27 935 112567 
25 982 541135 
164 821 980722 
61 907 247831 
490 41 247920 
67 619 947032 
94 937 523028 
432 686 46916 
845 808 448770 
299 652 564390 
760 747 127488 
609 466 428772 
124 405 95338 
918 830 149900 
730 104 102633 
239 961 175838 
19 416 578522 
230 449 433925 
862 245 514959 
986 328 626316 
6 449 41298 
174 933 328476 
450 626 622881 
590 816 811222 
402 249 841138 
807 668 178708 
834 440 16295 
712 411 367849 
488 444 229875 
283 393 373263 
154 586 696704 
590 775 534257 
369 752 365128 
511 829 141710 
306 786 40452 
430 822 845776 
154 71 315767 
639 598 399772 
6 476 878928 
760 600 532595 
649 863 149844 
610 201 581915 
59 954 134864 
488 235 256225 
322 647 51272 
717 763 898706 
360 313 853697 
563 268 454148 
296 922 315629 
179 189 553204 
914 30 489008 
33 79 187346 
12 848 450424 
527 77 808422 
220 968 857311 
83 956 193634 
87 632 506128 
830 639 849832 
978 763 966167 
935 381 470590 
772 184 65651 
335 509 126435 
248 956 620488 
308 432 844690 
985 490 110054 
539 170 347008 
433 565 79610 
581 984 351544 
541 696 968102 
605 133 959465 
948 911 447010 
330 536 221410 
83 516 96044 
498 246 878108 
49 321 149610 
20 359 19135 
388 222 963594 
684 204 638458 
522 827 617639 
863 22 464637 
340 872 868506 
64 712 15528 
257 147 921886 
123 870 795110 
967 310 443314 
102 120 936181 
502 960 759361 
740 302 856451 
354 490 38579 
16 18 976717 
64 737 95048 
593 451 903968 
394 968 12516 
630 913 989352 
651 76 757903 
42 389 585227 
495 315 798570 
682 941 331810 
751 112 782417 
495 866 794747 
550 818 600124 
801 705 769323 
346 516 225823 
128 503 365693 
187 824 519454 
605 612 70266 
322 335 265936 
379 531 204803 
262 524 340755 
988 62 855814 
33 907 804209 
132 13 764548 
992 837 335727 
281 532 245984 
776 564 547489 
982 325 504800 
158 81 619615 
292 339 567516 
582 733 652939 
431 496 878184 
748 873 813130 
800 423 896127 
89 755 144281 
880 777 952025 
380 301 689114 
875 131 129098 
10 402 566299 
569 521 909508 
921 874 859386 
833 722 463304 
410 817 272066 
902 705 632826 
593 726 323527 
325 595 194905 
501 691 4112 
121 370 16212 
817 388 407912 
40 778 178866 
202 609 394490 
208 165 280613 
939 646 945150 
187 689 984965 
234 472 120179 
361 846 408669 
690 836 389226 
645 447 661048 
14 826 104699 
252 73 7598 
342 632 684095 
142 421 255643 
905 661 39163 
455 144 976195 
987 54 121079 
217 820 206040 
886 693 932072 
790 548 931478 
32 372 725091 
88 182 790833 
132 489 492345 
895 417 853268 
341 632 811281 
89 229 785212 
327 481 160507 
47 270 883656 
30 151 578785 
139 76 215545 
912 182 877201 
53 368 594320 
222 647 470158 
952 45 691780 
900 748 694886 
340 409 115153 
528 427 345485 
384 469 244943 
697 474 780593 
302 973 850247 
269 264 237504 
26 176 179099 
345 46 654553 
789 98 42710 
999 732 751892 
683 56 196501 
758 327 152624 
509 852 987390 
760 480 391864 
565 514 918245 
532 436 440457 
837 102 661718 
693 137 477926 
90 91 442667 
102 432 110771 
677 604 979046 
782 930 506594 
395 265 64539 
769 36 160022 
952 668 245965 
10 100 407866 
978 984 623705 
456 677 51509 
961 358 334911 
381 47 663235 
834 898 752259 
810 879 775932 
829 733 455765 
114 96 625832 
618 989 760500 
509 931 241736 
593 272 370562 
248 191 155993 
892 870 677147 
227 45 99648 
419 91 704593 
464 888 304616 
22 654 122325 
844 159 164448 
254 135 362693 
831 524 262448 
621 545 344838 
182 16 925345 
881 205 253499 
118 809 237894 
374 716 528673 
293 423 147304 
44 817 698525 
352 629 683848 
979 616 796084 
185 538 830840 
274 492 718102 
306 179 69007 
407 179 179893 
355 385 625910 
324 624 886075 
105 978 835829 
696 932 710575 
960 79 799345 
764 103 629014 
256 964 448952 
806 132 840488 
328 740 609314 
40 975 933460 
846 574 114452 
953 39 276328 
423 20 210017 
819 200 443243 
717 288 951907 
254 164 65451 
423 532 892825 
826 642 768553 
556 548 619899 
599 663 542961 
325 794 655735 
853 291 1691 
135 92 698296 
895 850 948820 
527 26 300173 
754 632 647609 
8 531 788273 
669 615 105896 
730 36 792671 
529 794 778430 
551 441 680549 
271 703 759667 
20 730 756142 
489 268 838935 
693 97 563978 
149 678 759568 
522 371 488658 
156 662 251644 
639 77 676972 
662 821 539109 
271 831 634222 
176 534 7492 
955 227 178503 
523 969 419029 
861 184 475403 
559 564 853835 
670 867 427602 
821 338 12424 
512 446 324819 
362 257 540930 
479 781 936510 
818 145 694792 
225 842 867219 
255 96 801948 
464 806 104428 
411 615 318675 
738 355 965372 
259 296 676329 
207 42 669776 
154 638 457695 
891 956 263873 
532 541 251344 
72 891 765400 
282 208 434495 
158 443 200163 
682 853 79743 
450 706 191969 
717 213 320626 
969 223 722113 
353 12 719104 
430 746 444309 
224 92 904677 
496 977 129547 
721 865 594070 
992 298 101894 
751 168 169059 
715 419 151132 
717 299 473986 
685 638 997773 
600 811 642589 
650 206 45223 
171 221 146443 
201 860 831361 
87 406 117885 
776 590 860621 
149 175 100795 
981 423 456212 
511 58 880950 
999 974 316486 
13 500 481119 
937 732 493390 
815 518 83751 
530 254 631071 
481 299 758655 
683 441 975734 
886 985 173423 
811 97 184917 
968 830 896068 
836 488 530308 
278 444 631823 
216 539 909686 
598 4 865040 
259 445 191561 
86 954 10552 
946 223 805964 
325 207 639190 
255 510 64964 
38 827 23019 
26 361 178880 
785 39 821862 
220 289 791681 
464 815 116944 
509 341 417462 
773 972 638398 
338 254 41981 
988 183 265717 
292 261 461744 
464 347 802230 
318 927 845618 
108 220 368981 
640 510 77613 
720 313 45256 
349 795 937123 
635 364 727814 
911 898 2160 
121 878 464909 
346 434 755988 
980 606 728826 
395 610 789137 
738 598 751113 
820 257 403880 
17 390 161750 
37 679 919723 
214 693 927233 
940 299 968416 
995 599 123998 
704 124 679857 
401 692 567158 
548 710 354034 
131 987 69815 
932 219 750657 
919 749 643324 
869 782 500443 
190 468 158830 
1 302 551880 
885 285 217048 
334 604 8469 
122 108 14815 
992 516 307089 
654 356 202324 
20 856 458224 
680 533 845546 
932 371 838900 
844 529 699616 
851 364 724205 
859 869 813582 
529 402 976892 
110 62 137971 
124 557 423735 
397 157 500764 
37 158 51207 
151 285 919867 
112 492 536839 
720 487 948251 
399 562 95171 
94 613 823940 
787 61 883342 
980 773 343978 
435 906 101546 
86 800 874171 
82 92 623157 
682 210 668966 
452 953 952323 
452 968 568137 
85 669 509642 
299 773 481415 
674 169 309046 
857 242 60510 
632 752 960827 
969 595 495597 
148 912 752563 
891 32 551471 
840 105 698718 
695 364 232780 
237 837 190727 
12 992 102687 
281 942 174554 
702 638 72780 
107 399 970824 
850 609 599480 
144 702 698662 
552 760 675852 
94 214 650503 
397 965 469405 
757 244 584221 
277 952 310342 
547 867 386815 
697 510 962328 
619 828 938201 
938 640 601791 
843 596 320878 
595 144 742691 
782 333 999057 
41 781 709311 
161 184 775829 
447 54 682784 
523 877 176070 
115 598 480342 
559 586 670955 
339 982 588141 
27 933 848993 
345 855 317159 
771 683 587907 
510 562 702178 
860 94 429701 
281 119 447048 
213 132 359339 
139 180 478452 
664 845 833313 
802 484 935722 
351 81 196492 
338 230 952463 
301 259 830580 
309 699 313767 
993 423 254941 
861 269 563817 
118 544 946088 
232 556 120774 
168 555 43491 
787 969 298883 
811 933 259869 
491 635 120845 
237 421 58585 
602 138 99366 
283 425 714727 
448 444 985924 
986 342 285904 
708 72 627472 
838 730 185208 
780 453 770010 
462 134 401230 
530 980 365749 
137 585 917140 
901 782 935098 
694 816 462848 
648 495 450509 
572 570 952950 
850 651 403653 
465 953 517806 
983 15 67114 
200 28 540844 
512 715 179666 
540 289 134157 
958 816 507584 
403 164 297252 
503 493 705686 
513 625 491196 
201 6 267845 
275 915 606135 
868 206 419616 
443 28 64123 
999 795 838350 
490 109 842430 
143 458 599436 
397 175 728513 
850 885 851718 
79 499 875890 
152 381 283033 
150 772 795525 
175 740 797990 
195 869 352984 
841 570 7849 
669 28 295626 
966 703 556762 
402 789 586435 
150 315 635790 
554 493 367864 
34 197 525806 
823 371 103950 
666 989 611696 
191 282 90745 
167 236 743344 
251 563 278666 
952 940 136717 
256 812 87082 
282 831 53750 
919 932 320825 
110 671 61308 
975 339 528571 
814 449 142816 
171 474 573566 
613 294 865560 
737 664 49733 
32 812 350270 
962 869 749876 
664 963 692661 
949 216 371917 
592 463 3911 
55 453 190178 
910 618 889232 
291 616 60573 
307 448 586562 
229 52 413836 
725 985 137880 
823 650 380968 
598 959 621387 
536 593 239482 
721 287 806130 
37 952 581854 
443 348 445575 
784 656 62292 
148 720 194049 
909 501 931806 
21 566 831952 
46 22 458660 
707 803 137229 
316 486 958359 
183 688 579756 
355 97 154838 
196 271 834071 
322 34 479117 
491 828 901236 
166 485 227075 
747 620 148669 
132 128 385183 
762 141 874639 
864 651 593623 
806 939 212668 
353 61 586280 
677 65 735064 
869 937 985493 
474 102 439066 
138 18 435656 
236 887 934666 
907 78 215507 
182 491 921616 
161 69 329441 
410 788 557300 
196 147 575358 
696 35 413950 
942 295 952182 
154 508 641136 
617 642 862159 
654 95 972158 
547 728 491927 
474 52 470816 
914 364 563177 
520 440 804396 
963 519 599681 
999 972 134821 
965 726 671795 
831 97 795307 
170 674 293602 
153 899 36766 
217 99 340906 
27 744 698099 
363 817 892836 
753 836 896763 
452 919 907242 
258 443 809215 
548 948 625332 
369 917 770481 
316 512 779961 
767 888 108437 
185 235 596096 
516 404 463596 
160 307 723508 
977 635 974220 
991 158 974940 
525 163 889592 
389 740 32462 
763 177 430810 
330 386 826842 
982 474 352044 
530 811 681986 
792 655 481440 
215 899 660229 
70 421 31423 
245 695 433607 
689 43 3803 
313 62 391611 
638 959 282500 
62 614 319857 
494 571 103361 
862 338 323397 
142 806 259124 
72 718 141926 
332 368 416322 
58 601 484136 
717 731 914898 
382 762 793403 
190 203 254733 
819 511 909225 
847 349 262895 
896 805 414516 
717 470 225272 
479 397 203391 
896 159 999672 
315 84 578279 
495 577 812507 
309 641 253331 
576 572 217682 
874 142 899405 
43 786 947715 
237 965 299405 
865 621 41663 
304 544 560200 
829 841 373100 
618 777 756898 
728 587 473307 
865 837 345702 
265 6 561268 
436 813 144900 
390 368 300160 
69 885 187179 
979 801 756733 
137 864 46957 
149 689 616301 
634 340 439579 
705 554 655814 
426 219 876601 
6 656 182856 
953 408 976389 
771 437 868909 
147 867 714915 
883 549 922374 
236 460 772672 
141 272 549519 
551 821 207559 
290 738 263200 
932 136 543212 
379 97 996059 
183 448 131956 
745 556 909223 
354 801 400660 
115 259 707011 
646 359 555893 
986 77 5731 
546 876 895795 
363 144 999454 
547 464 11673 
739 350 64544 
914 666 578408 
382 97 302622 
398 402 384361 
732 149 757560 
113 609 504404 
588 33 579126 
198 805 542327 
917 862 766667 
767 530 635785 
18 331 18252 
224 392 914031 
165 570 193242 
469 465 416197 
662 307 499953 
859 87 881516 
981 297 366739 
659 494 494687 
846 796 627343 
268 616 464860 
370 195 4055 
458 935 283852 
570 848 786625 
758 791 871584 
863 467 752541 
3 539 191934 
175 71 615556 
36 111 87040 
768 234 15719 
813 607 907863 
617 689 7112 
651 604 424806 
117 660 639644 
941 691 282249 
790 352 826686 
498 573 869261 
68 683 484218 
874 605 153059 
964 526 289699 
511 60 854171 
266 729 796651 
450 614 668368 
871 163 150801 
472 260 887277 
533 784 542024 
688 925 941842 
875 478 886952 
802 371 827481 
282 4 63829 
926 30 162352 
884 629 298415 
198 215 950407 
23 907 463349 
359 205 35273 
569 981 60304 
41 817 350958 
836 591 99080 
278 754 782604 
560 803 794137 
796 411 295149 
641 653 705911 
370 310 813590 
556 660 851927 
315 832 685837 
323 705 407560 
109 430 231925 
815 903 80144 
280 114 585256 
640 168 786490 
856 690 56220 
113 362 876364 
658 205 995032 
129 463 38362 
325 310 938264 
288 973 672161 
17 457 473144 
859 894 85779 
586 836 396340 
526 224 363623 
909 13 961445 
307 298 466776 
296 704 40748 
686 746 470769 
282 643 758355 
979 640 990473 
416 831 156427 
802 952 752064 
466 838 176753 
397 205 178614 
214 634 742809 
538 484 55549 
558 310 77195 
15 929 607275 
383 90 951014 
175 872 79985 
925 396 650577 
64 232 975972 
909 416 59905 
4 918 957024 
593 71 425439 
786 670 427221 
54 763 475082 
293 265 181603 
11 586 296389 
827 494 620290 
816 44 975074 
276 162 793663 
944 590 463254 
544 501 429162 
483 767 507299 
13 854 765039 
380 823 490335 
50 737 403162 
732 577 141084 
172 932 747334 
86 866 815448 
522 997 200324 
71 853 963714 
789 914 209936 
933 25 65949 
490 329 951987 
516 392 205450 
697 161 832608 
977 91 17187 
123 741 827907 
354 489 245850 
32 196 280462 
584 567 617952 
888 996 334075 
495 452 2596 
448 772 895744 
358 740 169288 
118 258 819878 
384 894 268128 
460 887 352575 
811 109 705380 
789 845 797806 
162 693 823799 
974 494 156543 
514 403 986094 
331 161 944782 
979 523 655298 
644 832 796717 
561 113 258017 
796 263 710488 
501 784 581173 
941 346 564156 
988 790 132692 
838 839 380949 
867 385 797865 
511 94 886784 
834 83 400660 
836 935 87039 
453 68 414409 
107 609 696242 
861 652 498147 
685 370 750323 
547 142 105649 
33 319 219853 
404 564 486126 
729 849 481036 
448 249 441374 
240 217 44588 
707 400 842067 
80 730 931196 
556 34 698279 
345 129 199085 
185 93 210275 
976 658 503862 
374 831 967043 
495 364 857655 
283 703 641428 
421 145 860210 
814 203 995862 
344 661 756520 
159 26 61654 
107 435 533340 
257 604 321135 
599 346 448576 
430 228 822520 
707 643 427037 
811 782 58574 
743 106 377094 
785 568 297810 
208 705 384093 
116 773 457896 
369 455 385377 
330 603 235826 
634 938 907851 
7 435 837520 
739 907 465729 
219 704 408894 
433 598 103808 
58 27 610172 
512 34 111770 
72 215 16163 
76 114 305018 
29 698 45278 
31 990 961033 
811 269 532531 
325 896 210039 
708 447 404579 
239 900 374349 
774 373 538803 
797 401 922082 
288 127 112498 
759 63 529728 
919 940 694987 
138 85 843233 
978 434 384792 
282 769 690292 
949 693 416016 
693 543 645342 
451 214 136597 
857 327 599786 
511 42 837206 
337 805 830706 
861 782 250035 
529 324 357911 
534 693 808653 
454 670 902897 
483 112 200016 
152 365 378030 
480 380 117024 
699 224 343541 
1 204 283195 
623 756 778419 
274 686 377708 
934 986 831213 
351 4 989151 
528 124 278863 
186 978 95090 
703 910 944125 
876 331 370754 
573 993 765718 
861 901 906269 
924 71 565417 
121 279 356269 
519 238 616163 
321 492 241623 
402 976 162019 
538 869 833960 
444 325 18711 
946 6 245652 
905 948 809087 
375 668 549654 
563 399 977604 
339 433 545408 
806 700 111255 
456 53 304005 
630 373 847812 
674 53 506650 
790 50 274074 
775 280 709778 
640 160 20885 
927 926 60077 
339 671 353030 
836 457 560883 
555 232 639916 
362 927 817339 
685 856 656098 
546 307 935105 
897 170 686680 
868 597 342013 
745 754 180042 
338 52 937161 
783 748 595064 
946 86 194259 
50 469 506685 
855 710 857732 
348 476 237668 
552 782 378967 
40 860 794306 
456 300 753940 
527 575 221679 
978 73 872428 
485 327 730553 
769 950 561939 
38 589 465889 
746 229 552150 
9 741 116189 
768 464 515730 
935 86 45279 
771 829 283977 
408 761 788722 
823 590 145636 
809 765 553083 
445 233 480743 
466 63 378233 
650 824 126578 
604 346 796183 
293 52 199304 
588 453 976323 
288 983 423895 
290 14 140368 
190 692 869654 
956 250 429895 
969 782 585559 
581 357 617077 
685 602 186161 
921 949 142457 
467 311 407909 
857 269 421512 
422 913 352252 
274 747 486633 
408 413 504544 
994 839 844229 
297 458 622709 
752 979 364563 
929 617 635840 
429 135 189600 
308 918 617964 
711 187 176478 
324 982 378152 
914 832 918642 
596 659 197810 
216 77 473479 
551 380 329956 
8 442 864597 
7 64 385209 
116 739 679570 
473 208 495549 
792 384 320412 
40 132 535648 
763 480 548007 
261 716 701299 
371 675 439202 
247 249 786168 
987 36 27249 
437 688 555376 
708 301 652694 
485 627 544272 
651 585 322493 
367 396 54163 
986 378 286325 
374 661 282798 
273 509 583640 
417 98 655044 
534 491 186054 
485 876 310007 
757 336 968698 
168 893 452031 
814 100 366241 
766 478 279959 
496 912 596219 
120 527 668627 
307 515 249591 
509 655 490371 
806 704 98412 
370 654 164145 
982 146 196010 
903 911 254557 
723 539 948459 
364 741 635789 
504 964 297392 
445 705 701597 
826 329 608659 
765 83 32761 
887 483 387305 
50 387 501929 
421 587 944720 
619 633 14529 
975 428 628196 
961 544 936237 
840 779 371455 
592 381 128668 
497 831 945834 
514 109 422829 
844 416 204215 
769 498 536950 
201 836 147153 
161 796 625213 
163 741 690461 
428 473 507267 
423 838 27091 
820 331 722786 
97 951 857535 
199 378 409550 
839 536 923960 
122 270 626844 
112 966 949513 
136 678 144755 
54 191 527432 
853 354 84328 
509 645 296385 
793 582 298836 
565 687 355627 
625 542 708039 
405 472 579043 
106 845 158549 
886 805 397501 
838 578 200009 
397 539 684373 
721 258 180536 
447 668 177396 
989 318 462946 
92 445 372552 
198 741 524615 
847 177 162179 
547 796 24046 
823 334 265060 
134 119 816771 
727 118 851685 
440 604 911839 
718 160 199192 
736 389 256191 
378 666 16349 
283 337 384793 
847 993 221731 
318 3 29094 
852 209 345777 
256 931 48834 
157 123 865371 
595 605 852635 
554 668 898523 
716 738 666757 
819 785 717038 
509 576 289698 
791 716 659829 
981 217 862357 
545 321 975895 
381 372 238585 
872 268 498912 
494 673 665723 
996 177 626596 
890 249 927051 
503 260 881525 
744 862 184050 
482 707 654973 
6 900 327440 
975 421 262812 
839 462 238525 
466 744 234194 
333 481 979553 
233 310 53093 
369 997 472116 
459 87 212384 
652 106 60003 
343 954 142279 
2 865 224877 
104 305 295341 
576 684 729226 
678 753 432064 
922 227 130808 
635 474 505676 
897 626 426263 
459 657 855658 
297 39 33264 
688 512 804312 
85 658 850764 
80 213 841793 
46 991 31108 
644 789 157324 
580 708 641947 
325 233 864228 
335 569 767227 
596 384 434251 
445 637 355758 
332 833 29979 
775 561 976070 
309 882 351958 
221 960 69615 
793 700 15965 
281 113 407534 
936 348 938816 
713 922 184465 
379 484 850693 
747 198 175962 
649 848 419192 
322 928 885038 
424 743 600657 
230 152 276164 
34 731 43017 
157 235 23547 
597 247 885295 
923 800 291973 
815 771 262017 
623 63 118897 
913 361 245024 
336 263 751845 
79 74 406369 
476 404 466098 
520 791 966191 
213 932 980694 
254 97 507974 
268 524 20640 
978 876 286372 
7 963 175536 
754 326 295913 
876 911 33977 
479 704 793442 
626 832 231901 
21 600 578335 
835 804 767776 
820 825 201337 
401 366 278291 
676 125 754409 
61 522 502843 
957 600 360700 
217 33 448936 
246 689 984311 
824 930 407277 
917 857 440576 
195 82 53177 
282 26 671536 
247 254 120084 
49 320 585277 
437 94 350082 
128 589 42981 
783 478 930189 
885 63 304221 
130 670 713654 
699 505 550173 
501 834 377172 
152 428 482578 
394 146 246012 
469 555 56732 
484 345 232420 
997 364 24381 
579 434 41850 
782 237 860338 
994 45 797496 
931 454 511130 
360 122 840314 
592 891 702084 
962 187 28436 
684 503 641962 
348 299 129468 
562 706 559277 
249 20 925960 
497 878 693342 
277 166 279394 
828 742 802361 
394 942 905701 
999 998 624885 
308 415 251805 
536 806 946566 
55 902 527655 
805 244 335237 
77 165 903162 
533 821 563923 
296 293 63446 
960 377 12651 
41 771 410567 
19 219 329792 
15 22 542474 
644 840 248353 
65 265 202348 
983 907 806727 
896 632 716453 
543 806 220820 
230 898 230980 
514 537 384124 
942 964 405972 
463 866 337041 
147 993 865040 
799 501 200405 
299 137 917203 
335 837 665673 
137 507 281799 
224 937 212570 
503 568 692825 
986 458 891729 
567 187 89876 
363 829 413647 
364 627 260711 
123 402 807209 
318 740 867130 
88 653 767586 
77 617 962977 
998 980 461304 
797 707 475780 
227 4 843694 
189 411 372544 
223 96 700312 
332 262 959472 
419 907 702537 
912 691 818141 
265 394 632638 
809 158 988649 
56 197 179829 
514 373 458212 
46 654 917482 
909 339 256907 
852 895 875624 
658 91 809504 
786 79 449004 
599 36 265162 
542 233 120065 
275 444 489052 
780 930 522560 
270 491 52720 
426 967 115486 
765 731 761843 
905 373 908650 
906 479 640625 
573 35 192032 
559 516 267920 
340 493 610995 
489 831 277238 
297 736 613678 
653 283 559998 
405 554 146942 
229 922 542156 
625 780 155925 
689 167 399220 
947 217 63003 
895 586 466567 
69 616 4872 
246 115 199578 
144 814 556372 
263 19 609327 
449 572 214013 
625 936 426352 
136 277 445362 
524 214 43082 
88 511 826695 
527 5 725173 
259 792 653079 
397 964 173720 
701 639 3050 
29 981 515301 
877 620 993276 
248 194 614917 
528 143 847646 
549 895 661248 
462 45 971074 
6 734 337188 
997 504 187865 
519 363 551968 
402 566 573448 
191 917 716856 
311 806 827039 
579 97 224851 
605 707 838051 
215 326 949276 
73 818 839280 
950 564 299347 
345 670 104500 
593 931 617576 
691 205 95828 
251 381 969733 
655 126 784410 
401 327 768826 
423 660 964413 
406 664 105988 
547 26 247727 
814 258 248857 
735 744 986982 
354 539 920358 
957 154 664006 
124 343 199156 
562 866 140133 
949 473 676100 
243 966 470056 
179 572 981212 
356 947 976150 
49 524 286594 
38 58 856808 
21 983 926489 
54 723 300711 
273 644 894615 
595 455 356151 
715 579 676341 
681 216 736431 
793 897 275636 
551 997 933220 
625 58 420512 
117 22 524219 
179 524 351336 
841 602 831809 
858 58 235741 
437 279 271316 
86 839 639825 
638 549 90263 
937 324 851834 
643 750 608502 
433 550 196345 
212 764 695053 
53 866 262776 
734 499 185947 
900 92 70923 
766 362 668790 
350 224 43924 
898 890 577674 
995 337 950105 
483 361 729709 
34 626 900524 
893 254 156653 
684 428 796016 
261 830 727287 
190 470 613014 
160 172 962338 
840 574 180036 
579 516 689393 
144 507 352358 
398 549 878046 
989 764 380538 
338 859 980440 
981 855 818584 
482 235 964349 
863 392 991540 
98 922 675877 
364 349 234821 
989 939 124300 
326 591 40308 
89 393 574050 
344 265 973198 
484 865 466915 
734 417 558239 
885 219 398870 
517 781 34495 
890 440 285254 
393 334 85086 
179 201 261503 
827 662 748206 
630 415 492360 
960 848 395010 
189 464 820471 
857 380 45639 
295 759 487285 
851 679 699290 
227 853 682896 
592 367 3981 
377 253 469059 
578 322 390122 
624 50 810584 
865 955 899793 
969 379 609501 
502 671 904992 
894 113 545395 
627 371 54799 
341 840 863895 
992 562 88663 
970 627 868749 
890 68 959844 
902 157 833189 
619 210 104849 
532 984 52838 
137 862 487647 
401 11 840687 
686 370 471513 
248 798 624606 
539 482 866847 
490 834 799424 
400 586 824474 
240 733 608894 
549 780 369336 
198 503 96579 
324 440 240859 
875 45 430761 
130 414 213881 
870 564 254529 
225 118 574340 
941 704 394017 
55 486 672396 
245 12 638053 
799 472 882557 
562 442 525223 
518 799 337726 
551 896 729466 
793 521 932886 
179 371 613621 
870 840 59825 
317 458 361670 
141 207 610282 
860 816 299731 
49 82 823680 
740 178 382690 
343 341 642692 
173 38 358840 
52 74 96957 
337 726 271336 
819 184 195528 
218 766 69437 
953 679 742188 
68 976 480042 
540 717 52713 
739 39 546774 
279 332 396915 
498 822 961855 
336 425 964034 
83 844 280109 
970 71 456041 
799 462 797043 
192 884 249202 
80 378 508264 
43 932 830850 
423 763 901890 
424 892 838245 
614 286 737600 
468 524 204017 
164 257 235758 
121 941 494728 
78 861 72979 
465 756 582038 
302 337 277063 
684 876 312697 
582 992 280012 
958 196 536837 
961 485 814878 
495 171 981457 
5 651 807148 
547 925 475004 
301 23 105958 
418 734 272208 
9 663 673877 
344 74 481044 
756 381 690118 
46 293 349621 
361 479 139726 
691 321 406251 
113 449 686594 
384 560 355925 
243 610 466917 
675 619 176319 
691 422 885750 
561 995 740640 
789 973 330831 
133 621 647883 
477 414 880089 
33 19 225112 
966 850 650313 
919 870 577811 
983 790 133921 
305 920 751495 
47 472 599108 
377 182 637133 
511 804 33976 
804 228 468998 
353 897 723159 
530 277 172035 
991 526 758946 
991 635 466963 
789 226 129357 
823 938 698011 
848 728 467051 
321 416 436886 
383 961 824367 
781 443 267923 
654 9 987950 
583 157 166791 
423 766 882557 
141 449 584377 
41 344 480092 
950 65 817685 
349 413 990502 
103 231 936337 
509 59 703697 
158 896 446442 
697 120 162998 
958 815 216653 
106 233 22789 
784 81 656061 
437 42 666453 
340 662 130880 
252 3 624328 
228 990 852685 
267 128 211676 
603 895 51960 
961 192 286786 
839 490 499521 
970 171 137692 
554 857 491528 
943 791 859875 
195 394 394300 
428 520 221370 
297 722 287298 
568 36 986529 
308 8 603147 
306 3 214017 
952 206 25696 
998 20 740487 
252 237 667962 
870 441 18152 
832 300 5974 
231 82 438839 
485 520 343828 
854 146 237391 
129 86 919675 
875 756 830235 
319 556 795041 
692 876 488607 
490 808 990417 
969 227 442715 
121 467 652339 
725 784 951557 
758 578 493432 
13 698 709043 
227 893 529326 
335 634 444637 
89 244 267042 
103 768 113793 
286 356 938151 
196 530 946458 
52 159 310535 
268 875 854314 
484 119 341634 
562 967 613215 
705 320 105287 
270 870 989862 
335 489 320630 
342 749 593437 
248 778 736322 
96 926 99714 
237 981 113704 
477 460 147232 
118 291 240733 
878 503 549881 
706 83 237287 
293 121 144206 
345 437 533947 
748 518 834142 
377 226 534470 
517 441 94846 
660 685 323567 
981 517 449502 
197 342 625614 
531 576 905979 
414 668 664889 
645 325 425416 
154 462 149034 
549 317 404117 
