995 1987 471995 746397 159 
958 291 141867 
256 291 943452 
256 958 646750 
958 549 173409 
549 256 629242 
577 256 354919 
577 549 226456 
549 629 174157 
577 629 626099 
577 150 349505 
629 150 814937 
38 629 153579 
38 150 395092 
420 150 720313 
420 38 142295 
273 38 348452 
273 420 788263 
420 148 977746 
273 148 262610 
273 553 426514 
148 553 538675 
52 148 171235 
52 553 189613 
237 553 225150 
237 52 335962 
317 52 374223 
317 237 886639 
635 237 752532 
317 635 901350 
258 317 158902 
258 635 372373 
635 864 45239 
258 864 972520 
134 258 589591 
864 134 235032 
864 239 269867 
134 239 609756 
532 134 38874 
532 239 307569 
303 239 76690 
532 303 202733 
210 532 113768 
303 210 741339 
418 303 741659 
418 210 562708 
210 608 762219 
608 418 166656 
418 318 849804 
318 608 582617 
608 95 276166 
95 318 372765 
293 318 309560 
95 293 753543 
95 630 553409 
630 293 641260 
436 293 501322 
630 436 748800 
471 630 628162 
471 436 523912 
436 71 473475 
71 471 75857 
471 694 813621 
71 694 630359 
71 192 400931 
694 192 554731 
942 694 815009 
942 192 192515 
192 756 955673 
756 942 361850 
942 955 956699 
756 955 268332 
756 194 393146 
194 955 824889 
955 531 927806 
531 194 193400 
384 194 682457 
384 531 279973 
1 531 797939 
384 1 221860 
347 384 970981 
347 1 959637 
1 715 270626 
347 715 332529 
652 347 729856 
652 715 943713 
715 582 260915 
582 652 332001 
617 652 869875 
617 582 847659 
930 582 136253 
617 930 985996 
617 760 258570 
930 760 843609 
336 930 275748 
336 760 798275 
760 668 584131 
336 668 479481 
336 827 468278 
668 827 279780 
668 755 907318 
755 827 385624 
827 284 807255 
284 755 148410 
755 964 127570 
284 964 679565 
284 744 857803 
964 744 195043 
741 964 676912 
741 744 29686 
744 314 321459 
741 314 965988 
741 460 427814 
460 314 135823 
600 314 133635 
460 600 399971 
460 321 896589 
321 600 445651 
918 600 64640 
321 918 415245 
131 321 844502 
131 918 536411 
918 403 441223 
131 403 189463 
131 943 881952 
943 403 91374 
403 786 444122 
943 786 857465 
806 943 999424 
806 786 765695 
786 883 940018 
806 883 557697 
830 806 787006 
883 830 975455 
299 883 862922 
299 830 863531 
821 830 829196 
821 299 227231 
299 816 642792 
816 821 245906 
909 821 959261 
909 816 414685 
816 152 641380 
152 909 370029 
801 909 45713 
801 152 151961 
319 152 657465 
801 319 25225 
590 801 8778 
319 590 813382 
626 319 626386 
590 626 605592 
687 590 382586 
687 626 508226 
626 845 884522 
687 845 540624 
687 483 599101 
483 845 734924 
13 845 467612 
483 13 99097 
297 483 110616 
13 297 553170 
13 215 735681 
297 215 389184 
628 297 652920 
215 628 975454 
215 747 993615 
747 628 324789 
487 628 73526 
747 487 765545 
747 516 229066 
516 487 435105 
487 761 287411 
516 761 166235 
516 571 516527 
571 761 953601 
761 338 857730 
571 338 417650 
571 458 140653 
458 338 619229 
338 60 577717 
458 60 644596 
26 458 578657 
60 26 546644 
60 976 753004 
26 976 241247 
26 795 635810 
976 795 890298 
976 645 454388 
645 795 717986 
922 795 205648 
645 922 899445 
645 494 156352 
494 922 429540 
447 922 322010 
494 447 580404 
561 494 293830 
561 447 291730 
970 447 360135 
970 561 301199 
191 561 781067 
191 970 477987 
970 733 206456 
733 191 73042 
191 850 840642 
850 733 58323 
733 374 247424 
850 374 474736 
862 850 476402 
374 862 635082 
374 406 13996 
406 862 103043 
12 862 89575 
12 406 811791 
406 203 359816 
12 203 129220 
780 12 746804 
780 203 672257 
203 56 123162 
780 56 482361 
78 780 661321 
78 56 904517 
56 285 619807 
285 78 570577 
78 176 406330 
285 176 484501 
448 285 765741 
448 176 559243 
176 440 35884 
440 448 520599 
448 159 183576 
159 440 989537 
440 717 540606 
159 717 785189 
855 159 617362 
717 855 710224 
724 717 922297 
855 724 366498 
216 855 544710 
724 216 918857 
211 724 175451 
216 211 876187 
856 216 339015 
856 211 46147 
515 211 720827 
856 515 957450 
856 660 492726 
660 515 377605 
515 452 619590 
452 660 258639 
496 660 715629 
452 496 922490 
452 589 856697 
589 496 999399 
496 428 897036 
428 589 935513 
589 813 957947 
813 428 721382 
428 773 18768 
773 813 517680 
683 813 940651 
683 773 608134 
773 174 998521 
174 683 592108 
519 683 204165 
519 174 364853 
847 174 75549 
847 519 462723 
519 160 810458 
160 847 808668 
847 972 665815 
972 160 749781 
123 160 418516 
123 972 37501 
972 690 18207 
123 690 641258 
360 123 813308 
690 360 844979 
690 388 831884 
388 360 236033 
360 54 388049 
388 54 98273 
161 388 501269 
161 54 566008 
230 54 11858 
161 230 575207 
161 461 192633 
461 230 848439 
697 230 629901 
697 461 706972 
461 908 540201 
697 908 94479 
697 72 674579 
72 908 911596 
969 908 787365 
72 969 135090 
72 798 808882 
969 798 362504 
969 994 70171 
798 994 234494 
954 798 756903 
954 994 751376 
994 110 189945 
954 110 553134 
249 954 779589 
249 110 265663 
110 732 188080 
732 249 889859 
537 249 584763 
537 732 949238 
732 846 4973 
537 846 358560 
500 537 260327 
846 500 440892 
340 846 382656 
500 340 937788 
656 500 736250 
340 656 21333 
435 340 859050 
656 435 516121 
656 17 671964 
17 435 418202 
435 30 577483 
17 30 213403 
17 956 693640 
30 956 140894 
763 30 998975 
763 956 371012 
467 956 600992 
467 763 56087 
841 763 255839 
467 841 572585 
467 429 692491 
841 429 981006 
824 841 297134 
824 429 693425 
363 429 201313 
824 363 388970 
705 824 918391 
363 705 759183 
363 129 594229 
129 705 855266 
705 377 54231 
129 377 54798 
183 129 885543 
377 183 428021 
103 377 674113 
183 103 90840 
183 6 562069 
103 6 613254 
547 103 835446 
6 547 957315 
6 809 48944 
547 809 462059 
172 547 189538 
172 809 82960 
472 809 341568 
172 472 303310 
23 172 874087 
23 472 453549 
620 472 38269 
620 23 8229 
356 23 851495 
356 620 620097 
834 620 626349 
356 834 843579 
356 114 696715 
834 114 460208 
834 423 239043 
423 114 296864 
11 114 678276 
423 11 158413 
423 783 730603 
783 11 936635 
904 11 667895 
904 783 723053 
783 205 259546 
904 205 702083 
904 332 869860 
332 205 627342 
205 851 747632 
332 851 989090 
105 332 294716 
851 105 460512 
367 851 281894 
105 367 870784 
832 105 500082 
367 832 439946 
529 367 987409 
832 529 93823 
28 832 609296 
529 28 208249 
825 529 907167 
825 28 66034 
28 147 603897 
147 825 482381 
555 825 104856 
555 147 246297 
871 147 325 
871 555 918307 
555 517 454182 
517 871 885705 
310 871 351086 
517 310 360997 
517 659 908703 
310 659 678363 
138 310 544957 
659 138 996493 
427 659 428867 
138 427 479061 
138 895 128504 
427 895 885943 
754 427 128088 
895 754 616583 
895 382 213348 
382 754 16803 
754 306 90974 
306 382 553591 
382 587 754554 
306 587 486986 
306 963 253641 
587 963 719080 
163 587 62326 
163 963 890722 
963 232 768732 
232 163 794741 
163 649 672774 
649 232 15468 
371 232 552299 
371 649 810700 
182 649 571134 
182 371 859195 
7 371 376522 
182 7 323477 
810 182 628077 
7 810 888676 
7 604 55284 
810 604 629727 
810 793 448434 
793 604 858493 
916 604 930541 
793 916 805989 
793 870 24574 
916 870 510404 
788 916 813246 
788 870 831130 
462 870 589477 
462 788 775254 
788 112 102164 
112 462 350499 
462 127 798751 
127 112 208957 
135 112 840890 
127 135 690225 
127 499 866055 
135 499 183234 
135 255 701546 
255 499 516443 
499 784 337146 
255 784 580362 
320 255 658623 
784 320 430022 
784 419 859798 
320 419 571869 
974 320 125976 
419 974 603711 
419 993 441303 
993 974 189198 
974 268 953663 
268 993 895089 
993 941 894123 
941 268 585103 
40 268 493264 
40 941 771686 
405 941 267559 
405 40 288765 
167 40 550534 
167 405 274850 
718 405 917055 
718 167 675355 
167 488 479452 
488 718 717363 
53 718 37592 
53 488 254494 
947 488 957006 
53 947 111333 
989 53 917782 
947 989 283048 
62 947 492765 
62 989 923437 
989 35 512055 
35 62 186550 
554 62 838007 
35 554 439441 
808 35 338249 
808 554 70765 
748 554 58519 
748 808 857159 
594 808 813118 
748 594 117127 
748 87 171134 
594 87 106761 
594 99 194958 
87 99 210914 
59 87 230552 
59 99 559644 
99 89 864178 
59 89 713482 
583 59 101413 
583 89 59568 
598 89 476940 
598 583 528931 
584 583 579966 
598 584 982134 
658 598 180928 
658 584 428131 
584 489 70942 
658 489 961205 
658 525 841064 
525 489 745902 
596 489 206036 
525 596 62821 
525 454 739074 
596 454 235035 
596 186 398499 
186 454 772030 
454 441 238005 
441 186 599959 
186 248 415831 
248 441 205325 
518 441 815667 
248 518 582220 
248 141 521704 
518 141 206591 
518 66 347553 
66 141 313440 
852 141 261174 
66 852 759664 
66 615 511153 
852 615 217179 
852 981 902163 
615 981 184240 
615 700 696586 
700 981 361026 
189 981 630507 
189 700 28604 
868 700 973922 
189 868 375783 
961 189 223797 
961 868 490772 
381 868 595668 
381 961 58256 
485 961 597320 
485 381 25032 
247 381 397465 
485 247 354521 
125 485 232319 
247 125 616240 
247 84 717233 
84 125 818500 
565 125 567578 
84 565 761150 
443 84 339242 
443 565 835913 
185 565 341980 
185 443 354551 
443 611 774918 
611 185 216216 
185 309 819691 
611 309 87719 
611 213 585316 
213 309 699998 
456 309 672225 
213 456 294470 
22 213 488316 
22 456 622260 
844 456 828188 
22 844 212637 
22 21 542795 
844 21 31418 
844 633 858076 
633 21 665644 
944 21 508635 
633 944 503809 
633 404 422740 
404 944 987179 
944 106 29289 
404 106 647536 
404 657 140786 
657 106 279999 
106 764 468363 
764 657 223831 
657 482 358954 
482 764 746819 
279 764 951916 
482 279 685696 
482 201 394831 
279 201 287914 
279 770 479097 
201 770 72477 
201 484 500639 
484 770 626781 
226 770 551198 
226 484 651713 
484 334 944201 
226 334 700186 
226 354 790124 
334 354 139438 
334 520 435080 
520 354 368720 
354 612 33715 
612 520 532714 
520 68 822765 
68 612 491496 
612 333 15993 
333 68 631757 
950 68 827385 
950 333 488789 
863 333 417982 
863 950 499426 
359 950 457459 
863 359 925166 
863 899 8362 
359 899 97239 
359 739 717300 
899 739 2226 
899 46 736849 
46 739 368787 
739 372 388471 
372 46 56084 
222 46 818358 
222 372 370535 
940 372 268260 
940 222 21129 
222 288 384870 
940 288 350304 
545 940 504578 
288 545 20313 
288 220 122351 
220 545 363428 
358 545 441179 
220 358 981701 
679 220 919796 
679 358 893181 
393 358 230475 
393 679 750669 
622 679 17141 
393 622 546840 
393 507 607835 
507 622 568306 
426 622 942345 
507 426 276109 
507 797 882376 
797 426 520861 
426 475 618154 
475 797 770086 
759 797 546721 
759 475 677427 
475 181 348632 
759 181 279633 
676 759 449435 
676 181 715361 
564 181 747256 
676 564 315126 
676 791 947803 
564 791 589926 
728 564 392760 
728 791 653225 
412 791 890673 
412 728 533612 
168 728 711371 
168 412 909797 
412 266 535102 
168 266 545228 
94 168 478354 
266 94 423216 
769 266 274676 
769 94 780152 
785 94 795317 
769 785 148612 
769 664 222411 
785 664 371353 
43 785 138694 
43 664 570468 
713 664 134041 
43 713 54212 
43 902 50217 
902 713 772299 
713 975 951173 
975 902 217657 
902 290 22709 
975 290 316966 
975 667 855196 
667 290 396475 
290 151 657296 
151 667 696584 
667 395 183078 
395 151 773628 
25 151 390065 
395 25 534086 
866 395 873602 
25 866 520233 
751 25 712754 
751 866 909535 
978 866 7202 
751 978 333235 
90 751 281021 
90 978 730549 
978 188 238564 
188 90 952036 
90 822 298825 
822 188 112982 
888 188 54959 
888 822 696928 
926 822 605608 
926 888 27727 
199 888 275275 
199 926 286209 
678 926 880135 
199 678 884665 
476 199 470936 
476 678 892227 
264 678 661370 
264 476 62567 
14 476 192907 
264 14 866531 
45 264 836220 
14 45 71086 
509 14 187070 
45 509 281509 
542 45 842751 
542 509 9125 
79 509 601228 
542 79 905452 
542 609 583540 
79 609 818834 
479 79 344201 
609 479 807800 
675 609 126651 
675 479 969970 
698 479 753432 
698 675 20637 
675 508 999628 
698 508 58981 
698 3 234847 
3 508 742710 
508 164 927561 
3 164 213796 
566 3 121788 
566 164 494495 
164 480 461128 
566 480 285207 
886 566 112434 
480 886 679385 
873 480 768834 
873 886 231022 
296 886 942405 
873 296 900604 
316 873 779431 
296 316 417025 
842 296 759720 
316 842 52739 
503 316 308294 
503 842 768774 
842 329 939357 
329 503 343578 
117 503 147542 
117 329 755395 
329 948 45207 
948 117 316036 
399 117 445186 
399 948 831753 
948 432 340529 
399 432 70207 
399 716 687400 
432 716 639472 
935 432 301958 
935 716 244975 
865 716 657381 
865 935 907707 
567 935 191653 
567 865 671909 
865 128 224911 
567 128 311222 
311 567 663034 
128 311 306773 
524 128 519062 
311 524 117157 
311 481 77947 
481 524 309044 
524 835 916080 
835 481 814833 
481 283 154557 
283 835 626012 
835 355 482844 
283 355 368754 
283 543 959380 
355 543 545095 
375 355 133572 
375 543 113617 
543 651 925915 
375 651 665719 
498 375 775289 
498 651 50343 
991 651 251939 
498 991 664886 
753 498 47258 
991 753 491568 
991 538 606565 
753 538 381547 
753 88 300817 
538 88 38158 
538 805 101553 
805 88 259795 
16 88 115502 
16 805 363023 
805 829 314394 
16 829 255362 
987 16 955795 
829 987 956570 
513 829 445867 
987 513 865169 
987 451 801308 
451 513 620311 
96 513 883947 
96 451 834966 
451 530 548596 
96 530 228322 
195 96 971386 
530 195 793428 
530 887 722430 
195 887 18887 
195 365 884402 
365 887 487775 
887 800 425495 
800 365 906034 
246 365 255872 
246 800 157571 
514 800 546682 
514 246 779680 
294 246 857117 
514 294 194335 
368 514 289942 
294 368 766594 
294 900 933075 
368 900 14828 
136 368 55106 
136 900 700022 
392 900 560515 
136 392 244481 
327 136 128501 
327 392 561465 
392 897 883388 
327 897 71509 
92 327 703922 
897 92 163780 
119 897 568037 
119 92 988704 
92 546 22157 
546 119 155524 
119 67 161101 
67 546 7880 
19 546 434946 
67 19 854570 
261 67 700511 
261 19 256990 
116 19 856431 
116 261 730719 
977 261 358351 
977 116 389608 
673 116 652631 
977 673 971763 
977 511 526240 
511 673 586051 
673 556 549510 
556 511 111756 
511 592 870915 
556 592 89338 
776 556 80571 
592 776 588319 
817 592 641234 
776 817 943398 
776 539 925852 
817 539 703610 
750 817 471308 
539 750 423449 
539 437 396893 
437 750 416630 
750 984 350135 
984 437 786133 
437 470 839930 
984 470 46443 
984 640 279439 
470 640 464199 
470 34 703712 
640 34 972174 
572 640 940962 
34 572 948067 
42 34 248149 
572 42 899950 
572 425 977499 
425 42 279465 
42 169 64163 
169 425 242466 
444 425 195484 
444 169 489112 
169 721 49692 
444 721 68954 
444 677 572619 
677 721 921364 
721 346 985823 
677 346 623211 
677 601 306967 
346 601 193789 
346 693 162314 
693 601 242889 
29 601 150881 
693 29 292663 
693 585 812901 
29 585 395465 
41 29 312300 
585 41 490211 
585 328 98432 
41 328 270601 
228 41 10676 
328 228 544876 
328 202 346652 
202 228 165912 
250 228 919206 
250 202 437999 
202 646 819576 
646 250 666432 
445 250 387374 
646 445 624443 
646 688 223464 
688 445 209832 
445 560 312748 
688 560 290468 
828 688 12449 
560 828 692982 
560 686 240698 
686 828 481841 
417 828 630534 
686 417 926198 
903 686 841299 
417 903 49024 
593 417 997942 
593 903 88692 
903 670 123145 
593 670 416108 
464 593 5096 
464 670 465552 
670 376 847571 
464 376 334413 
464 623 626342 
376 623 951410 
588 376 23799 
623 588 793402 
799 623 638939 
588 799 548264 
588 157 75095 
799 157 678806 
597 799 966099 
597 157 365296 
157 348 381948 
597 348 694719 
877 597 361248 
877 348 17594 
348 133 609490 
133 877 370814 
535 877 940042 
133 535 815476 
463 133 546397 
535 463 53049 
143 535 535598 
463 143 25247 
463 875 735540 
875 143 61135 
885 143 88815 
885 875 750732 
901 875 246178 
885 901 331317 
411 885 913567 
901 411 547926 
648 901 249490 
411 648 528622 
411 20 336363 
20 648 627211 
648 631 996266 
631 20 305556 
636 20 927396 
631 636 806112 
905 631 330377 
636 905 299109 
31 636 705997 
905 31 221526 
522 905 370465 
31 522 329821 
322 31 921518 
522 322 733908 
522 10 692858 
10 322 338337 
322 982 118700 
982 10 658933 
492 10 476272 
982 492 13991 
86 982 83565 
86 492 598336 
772 492 378536 
772 86 479294 
812 86 290247 
772 812 749495 
772 493 114354 
493 812 566174 
812 913 597900 
913 493 476019 
493 449 752087 
913 449 321208 
913 625 961545 
449 625 97114 
449 18 719564 
625 18 462794 
434 625 252464 
18 434 951940 
18 491 694519 
491 434 208242 
983 434 144388 
983 491 680605 
580 491 593680 
580 983 52598 
983 364 267965 
364 580 678628 
580 731 977620 
731 364 593298 
364 165 316258 
731 165 259404 
632 731 418894 
165 632 356057 
344 165 241409 
344 632 102304 
61 632 162214 
61 344 993141 
272 344 369986 
272 61 250464 
61 401 889929 
401 272 150078 
272 985 202755 
985 401 58459 
401 313 303375 
985 313 854571 
985 269 58247 
313 269 935052 
218 313 32244 
218 269 888400 
269 409 169161 
409 218 947819 
149 218 837624 
409 149 784035 
550 409 378036 
149 550 914806 
149 736 211756 
736 550 662547 
792 550 251542 
736 792 11481 
736 236 440942 
236 792 229042 
607 792 631264 
236 607 891006 
339 236 927113 
339 607 164400 
607 578 829831 
339 578 436649 
277 339 30285 
578 277 133985 
910 578 803871 
277 910 981830 
618 277 631713 
910 618 659494 
32 910 278082 
32 618 320916 
521 618 458836 
521 32 713 
32 738 782892 
521 738 770660 
521 973 21500 
973 738 943386 
738 836 17494 
973 836 387794 
973 967 783651 
836 967 119203 
196 836 623161 
967 196 452947 
967 707 995157 
707 196 196700 
351 196 305454 
707 351 440192 
707 170 353342 
170 351 549882 
351 415 59533 
170 415 646684 
156 170 584614 
415 156 96465 
415 109 857238 
156 109 408609 
156 819 227175 
109 819 413019 
109 335 456521 
335 819 965022 
819 907 50974 
907 335 520770 
24 335 500319 
24 907 991549 
177 907 723523 
24 177 425057 
857 24 223632 
857 177 87786 
704 177 685077 
704 857 276877 
857 238 617169 
704 238 837217 
391 704 245147 
238 391 680112 
238 325 524063 
391 325 518677 
391 684 183900 
325 684 264908 
263 325 271415 
684 263 134081 
684 712 941877 
263 712 285902 
263 233 53645 
712 233 670710 
712 746 154895 
746 233 609737 
204 233 439149 
204 746 199404 
746 884 430084 
204 884 802020 
562 204 617862 
562 884 290663 
337 884 244450 
562 337 925357 
562 921 607278 
921 337 958462 
745 337 659225 
921 745 397202 
921 603 3498 
603 745 203532 
691 745 144213 
691 603 932466 
603 929 768772 
929 691 194053 
275 691 255362 
929 275 872862 
439 929 731348 
439 275 569709 
275 894 993001 
894 439 844494 
439 193 896446 
193 894 131310 
894 287 911136 
287 193 219901 
710 193 398512 
287 710 451629 
287 662 478945 
662 710 842789 
98 710 881203 
98 662 541295 
662 331 492497 
331 98 731645 
911 98 401112 
911 331 688732 
330 331 255272 
330 911 308228 
911 219 381342 
219 330 486762 
330 402 341404 
219 402 730873 
410 219 937409 
410 402 287166 
807 402 479755 
807 410 787323 
274 410 374473 
274 807 711234 
807 915 831800 
274 915 912154 
416 274 385854 
915 416 323585 
867 915 129979 
867 416 891734 
416 209 304927 
209 867 499192 
867 932 377959 
932 209 149127 
559 209 625129 
932 559 836 
932 505 898812 
559 505 133961 
778 559 410524 
505 778 241245 
505 120 207851 
120 778 673158 
778 4 660973 
120 4 438857 
120 838 375758 
4 838 99968 
124 4 975686 
838 124 837358 
838 361 898263 
361 124 983484 
118 124 989986 
118 361 126034 
113 361 198583 
113 118 194134 
378 118 691330 
378 113 546894 
743 113 7641 
378 743 964045 
378 240 203223 
240 743 320665 
743 302 402047 
240 302 462341 
341 240 835932 
341 302 497292 
302 767 990133 
767 341 370104 
613 341 51216 
613 767 569095 
703 767 722874 
703 613 434645 
613 737 894953 
737 703 134345 
703 953 604859 
953 737 634147 
737 278 162606 
953 278 623052 
953 595 496949 
595 278 629851 
278 115 694134 
115 595 788184 
595 394 125143 
115 394 857909 
115 605 712739 
605 394 2990 
962 394 351142 
605 962 111559 
605 674 708774 
962 674 818920 
962 804 143475 
804 674 74555 
674 198 311935 
198 804 604731 
599 804 315925 
198 599 705095 
642 198 463858 
642 599 473663 
599 853 386435 
853 642 880367 
385 642 177150 
385 853 796481 
853 957 977319 
957 385 991607 
385 787 556520 
787 957 26033 
619 957 758521 
619 787 340458 
787 145 576658 
619 145 113231 
619 281 197485 
281 145 100903 
15 145 960766 
281 15 378773 
281 9 581369 
15 9 844882 
15 621 980853 
9 621 824253 
9 512 196401 
621 512 600933 
621 442 489084 
442 512 461208 
512 122 64103 
442 122 711704 
442 234 452221 
234 122 886667 
722 122 832024 
722 234 818790 
50 234 781627 
50 722 696186 
722 486 147013 
50 486 874016 
65 50 14638 
486 65 79135 
486 421 612013 
421 65 491103 
270 65 62139 
421 270 192781 
421 300 97386 
270 300 909062 
768 270 546347 
768 300 339353 
300 142 529159 
142 768 130468 
450 768 989025 
450 142 528682 
155 142 667592 
155 450 825791 
387 450 9444 
155 387 874805 
155 477 440533 
477 387 636074 
387 540 516870 
477 540 552977 
726 477 896986 
540 726 140451 
540 992 396549 
992 726 87571 
726 779 511679 
779 992 414795 
175 992 750641 
175 779 131746 
289 779 653153 
289 175 886981 
175 223 65726 
223 289 781452 
345 289 93430 
223 345 655183 
223 872 385899 
345 872 842715 
345 342 899587 
872 342 586999 
872 775 189280 
775 342 582360 
342 49 145018 
49 775 765793 
775 614 261701 
49 614 248706 
244 49 42409 
614 244 368732 
614 544 183513 
544 244 397117 
137 244 90806 
544 137 626175 
544 398 813611 
398 137 581653 
137 146 618704 
146 398 779401 
398 212 188504 
146 212 845617 
706 146 291380 
706 212 71986 
212 179 792062 
179 706 706999 
706 184 841302 
179 184 962328 
179 655 857713 
184 655 382762 
184 968 911861 
655 968 712945 
655 672 565047 
672 968 477325 
574 968 625261 
672 574 878366 
672 781 193719 
781 574 720354 
548 574 691371 
548 781 253265 
781 324 509983 
324 548 100769 
548 831 188277 
831 324 414763 
324 988 37302 
988 831 912094 
831 951 479566 
988 951 325868 
383 988 857497 
951 383 20351 
951 227 70423 
227 383 889534 
665 383 104182 
665 227 716624 
227 93 860336 
93 665 101769 
473 665 83940 
93 473 318571 
455 93 802323 
473 455 590329 
473 33 882538 
33 455 308075 
455 253 112301 
33 253 272348 
33 729 593956 
253 729 626490 
586 253 168972 
586 729 576081 
245 729 301287 
586 245 937109 
742 586 522412 
245 742 835623 
245 97 334290 
97 742 13869 
573 742 958981 
573 97 368935 
97 727 553907 
573 727 425166 
937 573 979428 
937 727 86257 
727 305 460339 
305 937 262301 
286 937 907350 
305 286 336872 
305 373 329242 
373 286 221569 
144 286 585147 
144 373 303499 
971 373 842208 
144 971 117524 
144 980 288619 
980 971 211572 
971 173 840659 
980 173 431682 
740 980 275134 
173 740 487631 
938 173 918945 
740 938 265931 
740 308 546675 
938 308 409447 
938 229 311868 
308 229 288379 
308 380 151251 
229 380 251300 
624 229 970116 
380 624 466303 
380 85 636378 
624 85 101507 
624 214 490231 
85 214 879894 
85 551 166244 
214 551 273219 
928 214 60953 
551 928 362530 
431 551 738160 
431 928 144753 
695 928 784613 
431 695 64930 
431 840 83664 
695 840 958097 
661 695 912078 
840 661 671525 
796 840 16465 
661 796 56623 
661 528 833599 
796 528 46507 
796 917 575430 
528 917 197005 
490 528 764683 
917 490 10236 
917 666 952284 
666 490 328569 
75 490 894363 
75 666 481092 
881 666 188976 
881 75 801517 
75 939 745327 
939 881 569523 
466 881 553603 
939 466 675607 
939 569 403808 
569 466 654342 
466 307 86244 
307 569 601125 
637 569 107995 
637 307 413955 
81 307 451440 
81 637 498166 
357 637 804972 
81 357 441428 
350 81 429614 
357 350 624937 
357 469 531357 
469 350 146606 
510 350 320126 
510 469 735987 
241 469 45458 
241 510 553245 
510 353 232137 
241 353 10024 
814 241 276529 
353 814 969126 
353 752 977359 
814 752 766227 
814 446 324811 
752 446 399599 
563 752 976964 
446 563 172369 
504 446 499209 
563 504 986290 
563 257 488799 
504 257 862674 
504 602 449025 
257 602 636813 
200 257 179530 
602 200 703158 
949 602 721863 
200 949 730448 
200 859 890222 
859 949 255581 
343 949 103427 
343 859 285122 
638 859 739127 
638 343 294010 
343 774 446698 
638 774 729603 
221 638 266385 
774 221 537216 
823 774 988503 
221 823 529401 
260 221 806401 
823 260 417707 
823 267 197802 
267 260 931558 
826 260 957542 
267 826 77932 
132 267 238080 
132 826 638365 
762 826 521169 
762 132 408830 
132 154 935491 
762 154 973500 
854 762 250303 
854 154 450724 
833 154 884084 
854 833 207210 
262 854 212542 
833 262 769010 
833 100 977981 
262 100 760107 
262 925 278091 
925 100 390747 
837 100 290468 
837 925 57868 
80 925 841178 
80 837 389209 
837 789 562569 
80 789 922836 
83 80 303297 
83 789 53856 
789 407 861370 
83 407 103179 
709 83 210419 
709 407 849677 
407 433 419855 
433 709 713624 
242 709 908587 
433 242 580351 
959 433 436421 
242 959 962120 
931 242 399899 
931 959 385418 
959 366 474643 
931 366 447121 
931 459 440759 
459 366 682248 
366 685 798710 
459 685 859551 
459 158 79 
158 685 140395 
685 379 193811 
379 158 900074 
171 158 551487 
379 171 383366 
557 379 711086 
171 557 113764 
171 627 840609 
627 557 241145 
654 557 992026 
627 654 965120 
627 74 574958 
654 74 873226 
654 919 435925 
919 74 450888 
225 74 819647 
225 919 687749 
919 48 451983 
225 48 396301 
711 225 346942 
711 48 136504 
48 650 979035 
711 650 515200 
711 906 531321 
906 650 398026 
108 650 695536 
906 108 271651 
906 979 618658 
108 979 962619 
5 108 98332 
979 5 69892 
758 979 131506 
5 758 459440 
5 326 515823 
758 326 17562 
349 758 517284 
349 326 552426 
326 130 491298 
130 349 239251 
860 349 464834 
860 130 596284 
153 130 504624 
153 860 1477 
860 680 171500 
153 680 490036 
8 153 161914 
8 680 729354 
874 680 388296 
874 8 682419 
413 8 746571 
874 413 753238 
874 869 628245 
869 413 896616 
839 413 327313 
869 839 678119 
370 869 844568 
839 370 519863 
280 839 10823 
280 370 803138 
370 749 41858 
280 749 240961 
280 430 242169 
749 430 111057 
749 757 307709 
430 757 532210 
430 140 39467 
140 757 447128 
757 616 203961 
140 616 814511 
140 606 34779 
616 606 821953 
914 616 117405 
606 914 178104 
606 235 244457 
235 914 145844 
575 914 814808 
235 575 106831 
570 235 343363 
570 575 234600 
848 575 963038 
848 570 104030 
558 570 484362 
558 848 980489 
848 91 101253 
558 91 7393 
699 558 53325 
699 91 427103 
91 777 733408 
699 777 189925 
896 699 326957 
777 896 936501 
965 777 999144 
965 896 26617 
896 208 828241 
965 208 276274 
965 765 372654 
208 765 774866 
734 208 230332 
734 765 499742 
259 765 18823 
259 734 28003 
720 734 212006 
259 720 286824 
880 259 224929 
880 720 400857 
396 720 461843 
396 880 466888 
725 880 110984 
396 725 12728 
301 396 427814 
301 725 561944 
424 725 368037 
301 424 847596 
231 301 593596 
424 231 602540 
424 663 638739 
231 663 444578 
231 51 708205 
663 51 980909 
663 990 485699 
51 990 838268 
51 696 837319 
990 696 552008 
990 57 140360 
696 57 779358 
453 696 584110 
453 57 676384 
57 708 469372 
453 708 250861 
254 453 876511 
708 254 503371 
708 924 530863 
254 924 417350 
265 254 474541 
265 924 950307 
892 924 758747 
892 265 654063 
265 315 361702 
892 315 419348 
644 892 350515 
315 644 739977 
315 714 837260 
714 644 510060 
139 644 988878 
139 714 841785 
217 714 251764 
217 139 520556 
77 139 750310 
77 217 333313 
568 217 898499 
77 568 314659 
77 69 724885 
69 568 835438 
568 126 736107 
126 69 685912 
820 69 534756 
126 820 677978 
126 27 875636 
27 820 287854 
820 653 96355 
653 27 462349 
735 27 434960 
653 735 866801 
815 653 987431 
735 815 409922 
389 735 937560 
815 389 666809 
576 815 543282 
389 576 243167 
389 207 389798 
207 576 831579 
576 369 872111 
207 369 59169 
207 843 416680 
369 843 858936 
369 893 622608 
843 893 570667 
843 952 1050 
952 893 247362 
893 82 385430 
952 82 533271 
107 952 554159 
82 107 41273 
82 197 262175 
197 107 453374 
478 107 145681 
478 197 183289 
681 197 599186 
681 478 793092 
478 495 160208 
495 681 588335 
681 533 590084 
533 495 50760 
495 811 114574 
811 533 267853 
803 533 854622 
803 811 499940 
692 811 345213 
803 692 253815 
803 861 72121 
861 692 736275 
692 771 325608 
861 771 811830 
861 282 346355 
282 771 812035 
771 292 400459 
282 292 334640 
282 295 906899 
292 295 657001 
292 882 296420 
882 295 849085 
766 295 528394 
882 766 186585 
73 882 547486 
766 73 532144 
986 766 839359 
73 986 474885 
878 73 746279 
878 986 258222 
723 986 506815 
878 723 387806 
878 643 323747 
723 643 647272 
723 111 805269 
111 643 789167 
890 643 297690 
890 111 223950 
111 390 428460 
890 390 50590 
858 890 711142 
858 390 819757 
276 390 792531 
276 858 904691 
2 858 985233 
276 2 951668 
276 946 798536 
2 946 407736 
2 912 348065 
946 912 852887 
946 634 825681 
912 634 782703 
251 912 979350 
251 634 495611 
501 634 589154 
501 251 900904 
995 251 674311 
995 501 670382 
501 224 218174 
224 995 870792 
39 995 296857 
39 224 461910 
849 224 205122 
849 39 136705 
39 898 291128 
849 898 872294 
879 849 341737 
898 879 870798 
782 898 184943 
782 879 637367 
879 70 566936 
70 782 936639 
782 889 792698 
889 70 491630 
70 190 83249 
190 889 246515 
889 936 244966 
190 936 645102 
304 190 247614 
304 936 669661 
591 936 961229 
304 591 253210 
304 641 147691 
641 591 409873 
591 702 560030 
702 641 213017 
641 527 589405 
527 702 626144 
55 702 703467 
55 527 990171 
386 527 344937 
55 386 49817 
55 323 453649 
323 386 472163 
581 386 667827 
323 581 603931 
298 323 445988 
581 298 80117 
610 581 746169 
298 610 266849 
298 166 539644 
166 610 10108 
610 243 303537 
243 166 482069 
166 502 545344 
243 502 662645 
933 243 401650 
502 933 738680 
502 206 535553 
933 206 394984 
933 818 294032 
206 818 154668 
206 457 527128 
818 457 383637 
818 719 767292 
719 457 424910 
701 457 748174 
701 719 536867 
719 966 937307 
966 701 27998 
701 101 244824 
966 101 378384 
966 47 281489 
47 101 495227 
891 101 149254 
47 891 22960 
47 534 689952 
534 891 690950 
891 76 79130 
76 534 27377 
534 352 928487 
352 76 926068 
468 76 365692 
468 352 193358 
945 352 396600 
468 945 398285 
468 64 242736 
945 64 285333 
945 671 966532 
671 64 810165 
64 669 779287 
669 671 930703 
927 671 629516 
927 669 507187 
669 536 644380 
536 927 652112 
506 927 468039 
536 506 241236 
36 536 669416 
36 506 373362 
506 37 880719 
37 36 660276 
397 36 166566 
37 397 592246 
104 37 903166 
104 397 376519 
397 178 9724 
178 104 637952 
104 44 329169 
178 44 291818 
178 187 348562 
187 44 804390 
44 790 422127 
187 790 151089 
526 187 796425 
526 790 401998 
790 794 767368 
794 526 480202 
400 526 705258 
400 794 158533 
794 102 432676 
102 400 532619 
58 400 509886 
102 58 840796 
102 689 750945 
689 58 627010 
58 422 889466 
689 422 841621 
689 876 900843 
422 876 445265 
438 422 765649 
438 876 483606 
474 876 988357 
474 438 199138 
438 162 804409 
162 474 396241 
497 474 605422 
162 497 976363 
552 162 168792 
497 552 744762 
497 923 781868 
552 923 707788 
552 252 962260 
252 923 298224 
923 271 941863 
252 271 407235 
960 252 708925 
271 960 748912 
271 362 594102 
960 362 583386 
541 960 149913 
362 541 659884 
802 362 449996 
541 802 431514 
541 730 765733 
802 730 367326 
682 802 826919 
682 730 98995 
414 730 120885 
682 414 573626 
682 579 905458 
414 579 398246 
414 465 475209 
465 579 28406 
312 579 482631 
312 465 905790 
523 465 865252 
523 312 336438 
312 63 794307 
63 523 688930 
523 408 45526 
63 408 378925 
121 63 252034 
121 408 102243 
408 180 927268 
121 180 584891 
920 121 407586 
180 920 987410 
934 180 5702 
920 934 455109 
647 920 132255 
934 647 302228 
934 639 93179 
639 647 482335 
