194
150 79 
5 172 
150 95 
119 55 
30 150 
150 75 
149 150 
83 150 
150 151 
78 150 
14 150 
67 150 
150 178 
189 150 
96 64 
125 8 
114 171 
172 150 
3 150 
68 150 
150 76 
184 150 
66 4 
182 94 
118 150 
150 164 
170 163 
98 150 
32 150 
130 150 
150 4 
150 85 
61 150 
150 6 
104 150 
163 150 
48 150 
150 138 
150 81 
136 91 
150 93 
58 150 
1 150 
150 10 
148 150 
152 116 
150 108 
51 150 
150 28 
150 37 
150 186 
150 182 
128 150 
64 52 
150 160 
70 129 
150 124 
24 150 
13 150 
100 169 
181 150 
69 150 
150 71 
190 150 
150 168 
150 167 
150 120 
137 150 
190 157 
63 161 
111 150 
150 105 
150 7 
150 158 
145 150 
102 150 
91 150 
183 150 
150 25 
122 163 
150 174 
150 27 
150 156 
85 175 
43 150 
150 193 
36 150 
9 50 
150 45 
150 9 
18 171 
2 38 
150 11 
179 150 
150 173 
150 89 
153 150 
150 187 
150 147 
150 141 
150 44 
150 70 
150 155 
150 159 
60 194 
150 15 
150 46 
12 97 
8 150 
161 150 
150 188 
150 140 
150 74 
109 103 
131 150 
146 150 
20 67 
171 127 
150 117 
73 150 
87 150 
72 150 
99 48 
142 150 
34 92 
150 77 
150 166 
80 9 
22 109 
84 112 
70 65 
29 150 
57 150 
150 154 
126 150 
157 19 
82 150 
177 150 
150 41 
180 150 
150 191 
17 150 
18 150 
64 107 
150 134 
115 150 
150 165 
123 11 
116 150 
133 112 
90 11 
33 150 
150 100 
64 150 
54 150 
150 35 
49 2 
16 150 
88 150 
22 150 
150 185 
190 194 
150 42 
101 150 
150 121 
192 12 
64 144 
150 39 
150 59 
176 150 
26 86 
150 135 
139 150 
2 11 
110 150 
150 47 
31 150 
150 34 
150 55 
150 21 
23 150 
113 150 
12 75 
56 150 
143 124 
106 150 
150 86 
150 53 
150 132 
151 40 
112 176 
62 150 
150 162 
194
11 172 16 47 87 77 146 186 70 191 110 89 168 22 135 107 93 90 98 128 48 127 37 36 13 12 63 29 91 109 173 141 185 121 44 19 142 132 150 28 154 177 130 153 175 4 65 17 131 71 66 82 133 53 67 64 174 92 188 21 171 25 40 182 45 194 169 61 81 2 126 125 114 85 106 46 14 189 99 62 43 35 41 160 5 20 165 38 180 32 184 51 31 124 134 9 30 159 148 34 58 122 54 136 143 112 49 96 97 120 102 6 3 162 75 74 147 170 157 78 76 84 183 100 117 52 119 60 1 68 115 123 156 111 73 56 27 113 164 140 86 116 155 42 94 83 167 105 158 7 72 10 145 137 23 151 24 79 149 104 161 8 103 108 55 69 80 95 192 181 18 139 152 39 88 144 187 15 138 193 178 33 118 129 166 50 57 179 26 163 190 59 101 176 
