190
43 182 
179 68 
46 94 
88 112 
176 180 
64 29 
162 172 
26 92 
69 13 
11 78 
76 187 
148 47 
38 24 
23 9 
138 7 
135 188 
49 10 
106 108 
99 1 
137 31 
32 10 
20 8 
174 99 
45 51 
102 91 
107 82 
18 134 
85 56 
142 24 
6 87 
159 84 
77 37 
180 53 
188 87 
32 81 
3 90 
26 95 
73 65 
93 183 
139 18 
30 14 
89 101 
136 51 
133 105 
137 72 
130 158 
147 68 
146 132 
115 189 
55 109 
175 98 
146 63 
185 16 
190 114 
111 112 
58 54 
80 20 
35 151 
95 29 
97 124 
165 52 
141 4 
161 113 
116 11 
6 169 
113 120 
5 136 
126 109 
126 57 
152 86 
48 3 
182 79 
44 50 
139 79 
166 71 
184 36 
144 19 
98 147 
160 155 
58 21 
121 15 
114 167 
38 83 
8 41 
185 103 
101 97 
152 67 
65 13 
21 104 
179 156 
161 116 
176 61 
46 74 
5 158 
166 110 
154 91 
119 105 
149 162 
115 186 
107 39 
104 17 
183 124 
28 54 
41 159 
118 103 
100 83 
163 63 
178 177 
62 164 
53 123 
127 34 
157 72 
64 14 
37 49 
129 131 
117 44 
69 157 
45 12 
2 66 
167 143 
74 187 
135 66 
9 55 
153 175 
138 75 
93 94 
12 22 
153 52 
160 61 
172 125 
2 4 
111 125 
17 149 
90 33 
15 150 
133 106 
40 169 
144 50 
67 168 
89 129 
117 47 
127 123 
100 86 
39 42 
43 132 
70 78 
73 77 
19 154 
84 186 
164 168 
171 81 
28 170 
75 23 
59 121 
96 163 
181 88 
33 1 
42 35 
190 174 
62 130 
30 165 
184 22 
25 148 
34 40 
145 178 
155 59 
108 27 
140 131 
70 48 
122 56 
27 128 
141 71 
171 142 
60 36 
76 150 
57 151 
60 85 
173 181 
173 140 
7 102 
16 156 
120 92 
134 128 
119 82 
145 96 
189 143 
110 80 
170 177 
25 31 
190
186 24 154 20 42 166 103 65 61 127 106 19 40 47 170 83 99 183 158 102 172 84 150 28 46 74 108 165 30 62 116 96 86 101 50 49 147 149 139 59 120 168 145 89 54 15 7 174 141 6 52 159 79 14 48 175 36 55 188 146 64 137 2 66 156 71 72 92 3 122 1 27 124 180 18 93 85 12 97 77 63 134 126 105 11 31 60 144 73 119 9 142 34 143 35 136 38 125 161 104 13 187 114 118 75 32 22 153 171 98 16 94 17 76 130 113 70 90 87 51 184 68 45 58 112 151 110 67 160 190 115 33 4 181 152 44 100 179 173 23 123 117 121 109 133 138 163 39 8 189 78 37 91 162 178 129 81 41 57 5 157 169 132 128 167 135 148 29 111 88 185 107 164 53 10 131 69 182 82 43 21 25 177 56 80 140 95 176 155 26 
