98 4735 0 613680 84 
15 50 332308 
15 8 872702 
85 8 925114 
15 16 943700 
65 16 859293 
70 15 947215 
45 15 823935 
45 72 305178 
69 72 223255 
72 60 20655 
72 57 674277 
57 34 220753 
24 34 932372 
24 21 569212 
21 59 322475 
59 73 233019 
73 75 690150 
75 84 658421 
84 98 560307 
83 98 964907 
98 51 12255 
13 51 110814 
98 63 673005 
56 63 658316 
75 39 929052 
46 75 51627 
31 73 452321 
23 59 632339 
93 23 20365 
81 93 980624 
81 53 228286 
3 81 222121 
23 28 663373 
23 47 229363 
47 95 489154 
95 29 161305 
29 61 69840 
47 55 575427 
38 55 374704 
97 59 403254 
24 35 223928 
33 24 570173 
24 66 763282 
44 66 112037 
44 88 977413 
92 88 708954 
12 24 320861 
86 12 617877 
20 12 296883 
12 41 812055 
41 82 514361 
78 41 365472 
57 80 497730 
90 57 992097 
91 90 958765 
22 72 586716 
22 5 928700 
22 18 525561 
43 22 923813 
11 43 425550 
4 11 111233 
11 89 806624 
54 11 348121 
64 54 845524 
40 64 602165 
14 64 570758 
14 9 378533 
14 30 452791 
43 7 314658 
74 72 833586 
52 15 404406 
26 52 244421 
26 27 383901 
58 27 703999 
19 27 996717 
19 25 573198 
27 6 482939 
27 67 227375 
67 2 672713 
67 48 99793 
62 48 883476 
10 62 551916 
42 10 398187 
10 17 591238 
67 76 28527 
96 76 263576 
27 37 958938 
79 37 126652 
79 77 288037 
1 37 988474 
27 71 24215 
15 36 983333 
32 15 198593 
49 15 297469 
15 87 957977 
15 94 537681 
68 15 429390 
10 79 806724 
3 16 752999 
35 48 388439 
86 33 813571 
60 3 341257 
35 19 256512 
40 67 254477 
47 5 889680 
84 37 866149 
41 17 566707 
4 84 754452 
35 8 844200 
71 47 836211 
1 60 533506 
26 96 900143 
12 90 447978 
92 9 985709 
51 11 865502 
31 41 786731 
90 18 950015 
77 54 211961 
75 91 579226 
25 12 1284 
87 94 232248 
57 11 971467 
51 67 619005 
44 43 67016 
66 54 951991 
18 50 6709 
49 40 894000 
78 69 831691 
48 28 713615 
4 40 969141 
94 7 734867 
52 25 55026 
39 6 140212 
46 87 296945 
85 26 729693 
46 97 289120 
85 16 331387 
93 35 928805 
2 15 372520 
80 12 366270 
69 87 524391 
93 71 633490 
60 40 461367 
32 37 220740 
43 70 727233 
5 12 896177 
85 31 533182 
4 32 206532 
47 13 319131 
81 52 956297 
48 9 414632 
16 78 666100 
82 79 810714 
43 10 340892 
30 80 593919 
95 97 218309 
35 62 714749 
9 16 956345 
52 76 181488 
13 93 198181 
68 53 715621 
70 17 930291 
32 46 11644 
11 59 454193 
41 50 293394 
39 90 652376 
14 80 248197 
66 91 654237 
95 93 14061 
19 36 86377 
76 32 278323 
81 85 877103 
73 30 302185 
37 21 611235 
59 27 386592 
78 31 435607 
36 21 832891 
42 47 389290 
34 94 132878 
86 14 74817 
92 33 757691 
56 38 654172 
48 56 149097 
21 1 224601 
57 46 690524 
59 4 930600 
18 68 659499 
87 6 789172 
72 88 994374 
97 26 286288 
12 52 910206 
34 49 49711 
75 42 718011 
97 14 864340 
91 94 889774 
46 61 561879 
35 43 29214 
88 3 178443 
92 54 832327 
67 96 996790 
26 60 195703 
9 50 957445 
21 90 795412 
97 77 658611 
52 35 73475 
46 49 205064 
83 96 845323 
21 41 878153 
19 50 167920 
25 65 201183 
20 80 899239 
51 19 492726 
80 42 63838 
78 53 399039 
13 18 986143 
97 60 267068 
2 96 126074 
64 58 296094 
49 57 422887 
33 40 436603 
90 93 658705 
3 92 934531 
87 70 767795 
1 82 813960 
15 84 471787 
69 43 709539 
2 31 31596 
37 23 826341 
86 8 536732 
75 95 622850 
32 24 48103 
68 26 518073 
77 65 863124 
4 71 347328 
93 41 267591 
26 33 758348 
1 92 787510 
48 16 840001 
48 25 257169 
13 6 185896 
45 85 937052 
21 87 36360 
9 41 129159 
60 19 811130 
90 78 682572 
84 7 373603 
10 48 601465 
83 51 896788 
34 20 338531 
68 24 863734 
87 98 167350 
83 95 44553 
80 53 285219 
24 45 968394 
67 7 867667 
72 84 53454 
3 23 530210 
15 18 417743 
84 83 597556 
67 24 945003 
76 33 950832 
34 85 918591 
48 22 886805 
49 33 875348 
49 97 52856 
37 75 441363 
7 12 887340 
33 10 714292 
28 8 265601 
39 42 833790 
64 36 901067 
81 11 461313 
56 17 383409 
69 45 592248 
65 6 460342 
67 81 963735 
45 20 738197 
43 37 622887 
49 13 256536 
30 48 297927 
14 31 669205 
30 84 403685 
8 53 322850 
98 45 362179 
54 27 876136 
44 12 506311 
41 52 618101 
11 7 967282 
73 23 37677 
82 25 725338 
2 86 486370 
57 64 212913 
38 28 727814 
31 64 406513 
84 88 964137 
47 10 54785 
36 23 259738 
12 83 784022 
83 82 85410 
97 29 686932 
46 51 651357 
53 62 324817 
82 34 258251 
57 1 536534 
39 28 362255 
9 52 287720 
9 5 463687 
27 23 926119 
69 19 537803 
80 79 197584 
66 93 846451 
68 16 235530 
92 51 301749 
69 92 55784 
31 3 115012 
66 75 151559 
7 55 496103 
60 2 969297 
67 9 685781 
74 51 946705 
15 77 433921 
38 49 930872 
61 72 222725 
80 25 367612 
42 89 213521 
9 23 348736 
2 41 456041 
55 21 244022 
89 33 908447 
24 50 621462 
65 44 673876 
38 20 919842 
10 93 849917 
59 47 843516 
96 73 621585 
90 83 849321 
15 65 366716 
10 27 66932 
81 91 205021 
22 17 700052 
23 32 879963 
80 69 579378 
54 76 323996 
21 97 327988 
19 78 399510 
50 30 157132 
93 22 853772 
33 70 279053 
48 4 467723 
65 95 635116 
95 39 998816 
80 92 948804 
88 37 337136 
13 50 988442 
21 91 800412 
90 33 110306 
11 69 405624 
45 60 454745 
63 16 980776 
15 51 763578 
48 82 160794 
73 88 305738 
30 28 466301 
28 57 784959 
18 10 108677 
84 8 977994 
82 60 48887 
13 98 58670 
98 14 90062 
10 15 775241 
51 4 303717 
51 86 834362 
82 21 793809 
59 36 446229 
72 98 201480 
95 21 770536 
47 57 12377 
56 70 413301 
56 10 112824 
41 69 324435 
97 78 276526 
7 58 101385 
77 25 513181 
19 84 112757 
24 89 518652 
94 63 592269 
12 78 707620 
22 57 358490 
80 41 431250 
35 66 312307 
46 17 89895 
74 85 593128 
54 14 980561 
82 72 554526 
36 42 640261 
95 67 435232 
61 89 458779 
30 74 775617 
30 97 434835 
2 64 174504 
62 13 778121 
58 41 233361 
14 75 319639 
40 86 446157 
13 10 703116 
7 21 847989 
84 33 152079 
39 36 615178 
91 79 765102 
11 84 212839 
98 76 620974 
75 77 691636 
8 24 613862 
84 71 129605 
98 54 677243 
36 78 648824 
34 13 363083 
70 24 360055 
19 70 826180 
54 44 594515 
43 30 981980 
62 46 420249 
8 69 389098 
27 18 688734 
73 76 895448 
8 10 894523 
88 16 441540 
64 45 516933 
64 27 686460 
79 87 246319 
49 85 663840 
92 32 489053 
21 4 428620 
47 21 968150 
23 12 403707 
57 82 332522 
9 64 724539 
55 14 809072 
94 82 388803 
65 7 388737 
50 25 450953 
90 35 935199 
79 75 50536 
42 95 500507 
24 20 253619 
77 53 855860 
57 18 113533 
30 40 662213 
35 81 913084 
31 35 67682 
7 82 730515 
42 74 924253 
39 73 289399 
69 91 3813 
38 52 268449 
84 23 309861 
64 44 278693 
64 73 756722 
68 20 96578 
30 4 809688 
90 16 564894 
51 20 135316 
44 15 254953 
72 51 8359 
77 16 524253 
17 76 29473 
56 96 446381 
76 55 466237 
28 16 793585 
1 41 510891 
93 32 903249 
79 35 398857 
55 46 619101 
97 92 583157 
42 67 55542 
95 82 391905 
98 30 938251 
98 64 61819 
73 94 400561 
65 34 706037 
20 78 691409 
88 87 149289 
9 74 717535 
66 11 404738 
14 8 343825 
56 39 39140 
49 42 620255 
30 71 338864 
9 98 138652 
97 79 242201 
97 6 823390 
78 6 153620 
76 81 412546 
77 44 253383 
49 29 542212 
36 40 65149 
8 25 4544 
71 77 898533 
24 55 221089 
66 2 225994 
59 55 89004 
56 44 678000 
56 90 779368 
71 58 414260 
76 95 156246 
81 34 209590 
49 92 770985 
93 4 371821 
63 30 711932 
71 94 994619 
96 20 787849 
88 23 913890 
89 91 977996 
38 6 264804 
20 76 153741 
72 6 650735 
38 94 686680 
8 59 993895 
98 24 782333 
11 68 218511 
68 34 261983 
24 41 258628 
92 16 285888 
97 65 237133 
87 62 556562 
64 29 267565 
59 9 375062 
56 77 678349 
86 15 520997 
73 4 312229 
28 21 160439 
79 73 554350 
62 52 981337 
81 55 181166 
96 51 656850 
46 59 516972 
44 29 991399 
91 27 244232 
73 28 76225 
21 14 849875 
60 86 805390 
69 56 79888 
85 47 844295 
93 30 665746 
53 59 441215 
33 55 323988 
31 51 838903 
48 97 553023 
1 54 265471 
23 15 2246 
93 67 696165 
49 91 77353 
56 67 340012 
38 18 631760 
77 11 420779 
19 5 266921 
55 74 222112 
54 59 565355 
4 67 975510 
8 56 863772 
60 93 321343 
36 51 29418 
2 30 605490 
48 34 987884 
29 21 356285 
45 79 444478 
42 94 925120 
50 37 117901 
45 76 489971 
72 30 501581 
48 2 983157 
3 43 597135 
18 86 604172 
38 45 417285 
87 42 694755 
36 77 387523 
22 54 289966 
52 93 532224 
28 68 647870 
12 17 390766 
89 25 180778 
46 25 170997 
48 60 138924 
89 38 159644 
42 41 524569 
66 53 390989 
84 74 776534 
59 25 781661 
36 83 455521 
1 67 504703 
50 5 531306 
56 64 16712 
67 87 757114 
20 35 693384 
59 40 532598 
94 97 738246 
82 18 850785 
3 49 832758 
9 87 629617 
17 91 22953 
65 59 896297 
25 33 781551 
49 82 29641 
48 40 959456 
97 88 113603 
16 50 774172 
38 76 414379 
55 18 491039 
29 67 468133 
92 90 580942 
9 84 144292 
83 44 882037 
28 63 294230 
4 17 741210 
37 7 717269 
35 72 681567 
34 7 411130 
74 65 475663 
81 44 322935 
41 8 877438 
2 43 260741 
54 35 946510 
12 85 8158 
98 23 247564 
8 22 380368 
46 58 453009 
8 18 290733 
40 71 615409 
56 72 785251 
34 59 29718 
80 38 859537 
58 49 671505 
42 76 740053 
61 36 844684 
92 96 302068 
11 65 551579 
29 27 859821 
53 60 158865 
55 19 983212 
47 24 498161 
35 88 683548 
30 60 305853 
75 21 872601 
82 73 191148 
40 69 688320 
96 79 854764 
47 2 619592 
74 47 579224 
21 62 217900 
60 23 441556 
74 22 418370 
79 2 955946 
57 84 977308 
89 57 491316 
22 64 877112 
67 44 62446 
14 11 807266 
67 23 43163 
29 9 980222 
60 27 597861 
58 61 748901 
54 37 675091 
66 25 414801 
5 52 430905 
20 54 694557 
58 11 615797 
97 84 886230 
95 11 106195 
80 23 648189 
14 26 675084 
97 81 724759 
45 22 443656 
59 95 640519 
19 57 878200 
50 96 164340 
6 35 406311 
3 64 744189 
74 12 220748 
23 1 825267 
83 67 147789 
46 40 973872 
28 17 878907 
33 15 604587 
26 75 197655 
88 49 151101 
98 48 719685 
77 72 24802 
29 12 426085 
96 40 337071 
88 5 468464 
98 60 284936 
16 21 726869 
15 76 140901 
56 14 87862 
90 25 728644 
2 97 80819 
68 5 2327 
34 97 343364 
88 43 487556 
59 86 352923 
93 38 771689 
73 98 7371 
39 19 389323 
14 91 303991 
85 43 358902 
55 6 850550 
14 79 504641 
10 94 42513 
71 60 956353 
48 66 832695 
7 41 513835 
69 2 326779 
39 69 731346 
36 48 173845 
4 62 70596 
89 35 303146 
80 95 743935 
44 92 355369 
35 65 652439 
4 18 159663 
83 18 783103 
11 35 839717 
48 1 426564 
5 56 859079 
44 61 967992 
75 59 582105 
58 45 725922 
24 97 967128 
52 39 599751 
69 64 566921 
93 97 909122 
42 88 552349 
68 10 973715 
58 23 355074 
36 92 776842 
96 30 613953 
53 85 933255 
20 43 318276 
63 3 150665 
88 32 730714 
37 29 325220 
12 26 52575 
33 59 763499 
46 52 8365 
55 39 139261 
7 56 451012 
39 65 715340 
24 93 699777 
61 86 541084 
37 18 947141 
56 43 920098 
76 21 594082 
62 71 25403 
25 35 68721 
77 39 814439 
13 78 153141 
88 53 174117 
43 49 390234 
3 41 892851 
37 80 497724 
26 80 669945 
70 68 704845 
12 63 910091 
50 86 95099 
80 61 953387 
3 83 63590 
38 7 822631 
92 4 551210 
95 90 848896 
13 27 234368 
14 51 218510 
82 75 843636 
85 65 904095 
28 7 148623 
94 32 177032 
23 87 532740 
25 30 569367 
74 78 296847 
12 66 769424 
50 71 548625 
11 2 334314 
69 61 583536 
35 67 359348 
36 89 601250 
90 41 854689 
10 28 573460 
92 26 404341 
91 76 847990 
66 81 253498 
36 46 908720 
94 36 124700 
9 88 82895 
6 2 81993 
72 40 826743 
75 38 30427 
71 23 549387 
73 91 614040 
89 90 211281 
12 10 709500 
58 55 582152 
86 27 500616 
95 78 725448 
57 35 727889 
33 97 660124 
32 77 672252 
12 6 210076 
58 9 230200 
27 93 836781 
6 94 906561 
8 1 488069 
37 61 883614 
84 65 827821 
77 62 122973 
67 57 617251 
90 80 767806 
38 37 32393 
96 98 348155 
92 83 603852 
25 94 284246 
52 90 315475 
92 70 557802 
58 38 774599 
48 88 903553 
31 65 557321 
31 32 138524 
11 67 312869 
85 96 845136 
20 86 434216 
61 45 487187 
97 76 460282 
2 36 304830 
91 59 702026 
33 44 306687 
18 98 924349 
77 2 721507 
25 36 125988 
15 48 909830 
83 20 837915 
7 85 577695 
86 57 857306 
47 70 748616 
98 55 511215 
92 8 787875 
3 5 371032 
9 13 793878 
34 52 741984 
41 61 655390 
15 69 930017 
42 18 266494 
5 49 80974 
90 14 945347 
25 27 344030 
13 82 627098 
84 43 461258 
42 53 427122 
42 63 987630 
84 73 969685 
66 96 955871 
10 58 477351 
25 91 524750 
43 98 648514 
74 10 551568 
38 39 20595 
42 22 862696 
69 44 321104 
15 89 963489 
6 66 802839 
23 75 220088 
17 93 842962 
91 10 766548 
96 69 455929 
22 1 521674 
92 52 639246 
46 23 554671 
80 7 487880 
27 21 221404 
97 71 382185 
31 91 880267 
21 61 991585 
52 22 869810 
82 68 542225 
52 23 452768 
54 48 206517 
94 78 295309 
5 76 448664 
49 31 430067 
14 85 351694 
47 9 291075 
85 60 468925 
38 53 851694 
28 14 245636 
69 31 98098 
77 26 141357 
52 1 895584 
4 27 9170 
30 82 50036 
45 34 114229 
74 70 678125 
33 37 554662 
92 28 726259 
30 29 610320 
93 46 751893 
19 12 466337 
64 80 309069 
55 60 371495 
74 61 725159 
44 41 176870 
32 6 213982 
50 60 488343 
80 98 95176 
32 30 932357 
52 51 292185 
45 11 763260 
3 37 130101 
23 69 879543 
30 85 275469 
36 88 335603 
41 30 761457 
43 24 333293 
37 60 996018 
89 18 590706 
70 86 366582 
42 64 525042 
94 60 77283 
83 37 167196 
43 29 734084 
94 50 52154 
88 54 243488 
36 86 204495 
11 19 7404 
26 98 395776 
59 50 533766 
84 24 418651 
30 46 319283 
29 94 609683 
88 61 434476 
8 89 283872 
96 31 616680 
94 62 54956 
38 34 518223 
38 16 352710 
10 37 3915 
25 32 325569 
68 69 133780 
4 43 673548 
39 1 399132 
82 80 176448 
13 72 996316 
50 7 17029 
27 42 66137 
27 16 878662 
54 19 320335 
16 61 210070 
16 37 186122 
78 58 628533 
65 24 944538 
98 58 401685 
47 17 566824 
62 40 154926 
77 86 658213 
97 83 39088 
40 27 31868 
84 46 824650 
97 51 270651 
93 34 413807 
93 21 470340 
72 49 156466 
17 43 725113 
24 4 916137 
81 79 932617 
29 6 860583 
49 37 637160 
96 65 547115 
87 40 769147 
42 79 956601 
82 28 537986 
40 56 175458 
82 62 309973 
36 4 722501 
62 19 831146 
10 76 612645 
14 49 75380 
1 24 237537 
56 28 375079 
15 20 958716 
73 65 326247 
23 8 213226 
87 48 482342 
28 66 648159 
24 83 79246 
31 60 124905 
59 62 283992 
36 97 344508 
21 98 84513 
89 21 496172 
48 24 794298 
14 69 19515 
40 29 873593 
56 87 142310 
24 16 437078 
8 97 293884 
64 75 793817 
91 47 769081 
27 45 376438 
65 57 147272 
39 70 873691 
58 4 83292 
13 25 597814 
5 46 166633 
93 19 746154 
94 64 603756 
85 83 265854 
48 73 234022 
88 76 968293 
82 4 648795 
52 28 599633 
57 29 807046 
88 56 745199 
5 39 988676 
62 96 44388 
57 71 527374 
35 74 64798 
41 76 883010 
40 54 642315 
40 3 82796 
41 64 155325 
36 8 936471 
44 6 687382 
23 38 304951 
84 95 144953 
55 54 422735 
82 14 165626 
29 79 136310 
92 17 541851 
22 94 494083 
60 29 888297 
65 54 203191 
17 77 533566 
19 64 117946 
82 84 165549 
51 30 689715 
25 71 286838 
49 89 97332 
89 5 164400 
33 88 205499 
5 85 659759 
44 75 349967 
21 70 414263 
48 43 397224 
57 16 658911 
45 26 567724 
96 64 963281 
20 18 800628 
78 47 269298 
6 92 425575 
38 9 594646 
59 28 758295 
69 95 943373 
44 78 786178 
73 86 297964 
38 11 365950 
63 46 866601 
15 54 735494 
46 54 53972 
5 65 601844 
3 21 115626 
58 90 806419 
70 4 669467 
20 1 997480 
71 24 519149 
17 52 760211 
92 78 219556 
90 30 145874 
12 35 841614 
94 23 903546 
32 28 417737 
38 69 145549 
81 5 658265 
54 29 834146 
29 33 823932 
11 71 586622 
18 76 671671 
89 19 667350 
31 94 310579 
25 44 123926 
78 57 241209 
68 12 296854 
41 33 151974 
77 5 425234 
87 68 851896 
6 3 499134 
86 90 677659 
80 46 786954 
3 97 713763 
25 85 298687 
95 74 541316 
60 17 659502 
2 18 482466 
71 48 79050 
1 33 537492 
36 38 161824 
20 79 955186 
74 67 857243 
46 86 777373 
76 14 710059 
90 32 462030 
73 80 298325 
81 22 106815 
88 90 619998 
19 90 547059 
56 75 668829 
2 58 961027 
1 25 133550 
13 89 978181 
80 87 312260 
62 88 783615 
71 7 803564 
65 9 358450 
83 71 995790 
88 94 704546 
50 33 834582 
63 8 525448 
73 1 801909 
13 45 585925 
29 89 898131 
27 72 64917 
70 77 594111 
17 66 322026 
14 46 465613 
14 13 948880 
58 91 851853 
5 55 63379 
29 83 506885 
66 34 936628 
14 70 817046 
22 84 288532 
22 50 829503 
95 81 861233 
28 86 130221 
62 51 940721 
87 47 989632 
45 66 600682 
17 2 769628 
55 3 929075 
25 49 538381 
31 80 570598 
78 30 701557 
38 66 358264 
63 97 333190 
98 35 145223 
49 44 799009 
70 5 660422 
28 24 584628 
76 61 613335 
64 37 889017 
34 71 116492 
14 37 218917 
34 76 13657 
61 94 191137 
64 16 807640 
57 66 884320 
37 63 113742 
5 14 876129 
60 89 985752 
88 27 772640 
72 68 454837 
27 80 41426 
35 46 813476 
72 52 409597 
56 2 255676 
91 23 116037 
13 36 284669 
66 9 336665 
50 92 539252 
68 76 330141 
81 75 386446 
51 63 538796 
73 83 858467 
5 94 871282 
75 17 525164 
60 59 274256 
49 87 392709 
20 10 745321 
31 43 143580 
84 14 682181 
14 39 290188 
24 42 581522 
10 32 833396 
55 79 146947 
3 94 342812 
19 24 412482 
48 17 453275 
18 74 721758 
77 27 33342 
71 79 684092 
58 29 522568 
76 86 878608 
97 22 199109 
92 79 851717 
47 98 531018 
83 14 599011 
69 24 823526 
7 49 371658 
23 26 619549 
95 98 134593 
34 14 704916 
33 60 656679 
97 4 866403 
30 20 17398 
2 8 512592 
7 25 43933 
2 88 507528 
97 27 437736 
34 62 710762 
18 81 372485 
77 85 177485 
29 24 722814 
50 66 440284 
74 13 930785 
7 24 28865 
52 79 22998 
96 16 682729 
20 57 399738 
34 28 545182 
17 6 680073 
27 1 255985 
25 92 535163 
30 56 119850 
91 11 181055 
63 76 725088 
57 27 141746 
74 86 25805 
19 6 704958 
40 38 277688 
17 32 160190 
40 74 289906 
16 75 19451 
42 46 500663 
77 89 401628 
40 23 180311 
64 10 749009 
33 4 176469 
36 5 745012 
27 44 35344 
37 85 357923 
45 96 793863 
71 2 723307 
34 30 367811 
61 42 734721 
35 85 773762 
4 39 749102 
86 62 685742 
16 42 578183 
72 23 531513 
12 59 158532 
96 38 389979 
79 70 530466 
90 62 443918 
44 90 932688 
46 21 836034 
14 94 699665 
55 62 582304 
81 84 283507 
65 94 410896 
79 49 94301 
87 53 52740 
93 42 434868 
41 98 927482 
25 87 491443 
93 82 343297 
89 82 823726 
41 89 542010 
64 51 125234 
7 10 372679 
79 48 247749 
15 79 313887 
95 56 971276 
31 95 571182 
57 68 715097 
58 82 221523 
30 21 293353 
93 79 255795 
14 81 310214 
14 87 358152 
9 79 39260 
9 3 634094 
44 11 142775 
15 25 255751 
12 87 864451 
28 60 304576 
64 67 97976 
66 37 443639 
74 90 270054 
22 25 106551 
97 86 645479 
58 21 593420 
29 77 848572 
36 3 180368 
38 14 739733 
75 35 577839 
5 6 678949 
23 74 202540 
51 77 680959 
78 61 893136 
81 24 346736 
42 51 416326 
24 46 655016 
77 83 856235 
3 68 464348 
86 25 434433 
55 40 857343 
52 61 922471 
12 61 775959 
84 67 730212 
73 37 327272 
43 62 739835 
75 4 935265 
28 89 247706 
16 39 525319 
60 15 890172 
19 21 61715 
17 86 146538 
65 22 357420 
86 29 361844 
2 65 98414 
5 44 25909 
52 40 363453 
33 51 376244 
79 8 573896 
72 71 734898 
73 77 734567 
75 7 526606 
79 68 949545 
33 72 713705 
95 88 445354 
88 8 519950 
62 16 840283 
80 71 700383 
25 4 501293 
33 68 934429 
64 38 921425 
37 72 355980 
91 70 831151 
65 19 836608 
96 72 533981 
9 83 51321 
63 47 634488 
73 49 191379 
95 86 62743 
90 1 361525 
68 4 827 
87 33 659758 
16 97 773187 
61 38 117201 
77 94 246447 
30 59 477199 
30 18 339180 
55 17 39699 
10 30 483868 
71 10 223829 
12 71 719270 
97 40 879378 
77 52 700346 
76 51 423947 
94 93 391054 
74 66 842196 
21 39 125190 
55 11 314732 
36 30 488657 
85 41 986670 
92 66 430960 
26 87 870538 
67 66 737389 
55 97 342192 
79 61 431793 
45 49 349208 
14 33 322147 
14 29 452296 
72 86 739574 
58 59 587429 
61 90 456745 
22 15 458257 
52 27 948006 
17 96 590307 
5 67 693995 
68 96 239072 
50 83 788321 
79 24 939224 
47 45 899578 
55 42 92454 
47 30 782892 
11 41 375128 
58 84 396601 
23 17 864866 
88 75 773447 
93 54 718584 
39 41 697679 
12 84 765649 
69 88 642536 
18 14 38663 
48 5 887863 
86 35 832225 
79 66 740794 
38 57 644676 
57 76 457784 
1 69 337798 
61 18 631579 
1 7 297339 
39 22 309869 
55 75 378213 
22 87 778047 
13 64 638077 
68 13 243393 
30 11 146743 
24 60 234829 
30 77 828168 
92 7 988383 
76 93 582077 
28 84 876074 
82 46 911786 
26 20 904998 
55 37 299437 
67 49 903958 
71 68 107807 
91 22 888945 
45 93 78915 
89 4 150986 
67 12 789057 
35 10 961570 
22 83 381073 
95 70 559342 
59 19 780764 
73 62 252197 
14 77 898388 
29 73 518047 
14 71 478726 
67 71 10056 
25 41 438379 
38 62 605010 
63 14 770403 
35 18 722904 
56 25 227398 
7 74 669308 
62 85 646351 
46 88 445927 
57 21 749881 
82 36 767549 
54 73 565104 
73 97 611946 
46 20 646559 
74 80 939305 
51 26 476709 
91 41 213118 
16 43 165081 
83 87 181245 
64 49 659662 
11 63 363903 
56 50 227579 
9 69 70014 
5 96 479914 
48 96 415747 
28 4 465748 
68 8 443111 
1 83 253738 
34 55 851747 
76 9 902816 
39 33 598218 
2 59 171042 
18 84 643654 
42 43 312989 
60 79 406990 
73 87 815370 
27 74 286376 
53 55 978284 
23 95 969624 
80 24 141657 
58 6 714694 
96 80 138117 
35 32 249665 
19 20 801522 
95 25 714530 
72 89 870316 
11 74 137097 
2 81 377604 
30 76 807087 
33 53 40351 
3 79 630614 
92 31 376448 
38 10 522815 
15 12 938073 
57 31 502069 
88 71 753686 
8 62 167672 
62 33 463188 
72 54 49906 
2 33 656705 
38 19 895652 
4 53 941745 
9 86 871937 
71 96 902599 
29 17 204193 
1 59 784956 
92 71 406313 
73 3 575183 
58 88 324218 
38 27 899051 
67 90 503912 
68 74 707444 
6 31 28016 
56 24 323603 
37 36 420899 
33 31 184282 
17 14 219128 
11 42 195111 
59 83 774392 
82 31 441081 
20 55 68032 
47 46 713587 
77 57 478762 
71 38 660725 
38 13 560899 
33 85 3352 
2 93 731499 
83 61 928042 
59 74 583282 
31 16 163663 
75 76 838474 
56 85 388956 
74 56 934908 
8 67 769701 
69 77 681218 
71 70 975608 
43 28 44941 
58 79 29534 
1 56 319280 
49 77 378740 
92 93 463057 
17 42 554944 
28 70 807783 
19 79 819836 
29 96 550877 
80 13 862283 
92 86 684853 
68 9 940899 
34 61 711970 
46 4 888639 
30 1 56482 
89 73 128729 
46 77 160839 
73 72 227026 
17 11 469762 
8 11 303308 
25 38 831174 
28 58 101472 
48 80 213238 
57 81 161339 
3 77 956997 
61 84 800359 
93 58 687192 
12 65 416972 
17 5 492153 
44 13 68924 
30 5 261777 
52 31 837676 
90 53 394872 
9 43 751122 
41 84 604150 
7 20 309379 
82 90 63576 
43 61 225647 
68 88 38289 
24 57 429909 
97 9 752157 
86 63 213549 
38 21 934239 
28 22 441296 
12 72 6439 
50 67 576741 
73 69 617862 
91 56 937225 
21 12 915790 
26 71 707767 
89 74 183465 
65 40 804629 
9 40 776528 
89 58 613409 
8 81 443303 
68 98 74424 
73 33 908403 
87 93 345654 
57 12 763438 
97 42 469238 
30 9 242399 
93 70 348710 
5 51 281248 
59 92 764417 
55 65 191292 
28 80 521044 
30 53 745408 
68 81 691961 
79 94 123355 
68 46 172538 
4 98 279734 
22 82 389187 
34 27 982052 
85 27 108414 
7 27 300994 
44 34 640246 
70 49 514249 
40 11 437072 
38 42 954399 
79 40 229590 
9 33 796337 
61 73 241489 
91 83 984827 
17 34 45298 
11 87 636454 
29 80 938196 
69 57 677001 
56 9 490316 
3 85 971899 
72 97 740111 
37 9 160098 
5 73 802216 
55 63 181673 
66 64 46145 
28 41 40844 
11 10 486501 
14 4 870168 
84 31 188174 
24 27 219531 
53 36 144020 
35 83 783912 
25 60 928287 
70 23 625234 
82 71 963292 
61 66 285525 
8 61 643227 
39 7 702469 
87 2 657654 
43 95 730240 
38 54 436729 
98 22 575972 
35 36 83341 
42 25 533306 
42 23 234612 
89 10 166815 
73 10 682215 
58 48 447070 
13 56 280442 
86 6 638227 
24 52 314167 
7 60 679138 
38 4 28201 
83 47 802567 
83 33 188925 
18 23 946661 
36 47 536711 
63 67 316297 
88 50 846846 
13 81 756075 
37 26 343073 
18 97 893346 
78 67 712290 
83 48 645067 
78 68 840295 
23 77 100054 
2 98 675030 
43 40 118309 
94 19 238597 
26 38 444 
86 52 45000 
10 81 251470 
88 86 699060 
57 9 653314 
75 1 208034 
94 80 302029 
18 85 41187 
68 67 986488 
39 20 84349 
85 93 485733 
34 4 720305 
60 84 623344 
8 45 627704 
49 56 249867 
92 10 836020 
63 19 656853 
81 16 196521 
98 46 497212 
96 87 928957 
63 96 158315 
82 15 753074 
74 54 518852 
37 40 504463 
61 64 738440 
68 94 467633 
48 89 539800 
50 54 762400 
38 30 673775 
13 84 717725 
38 84 241063 
23 78 125448 
74 45 118941 
18 24 679613 
89 44 884659 
73 18 6170 
15 42 372975 
55 91 108983 
81 25 945205 
91 20 197872 
37 46 966770 
96 89 360295 
75 92 885634 
87 72 433571 
63 90 87555 
79 57 944792 
85 58 819590 
96 3 745593 
54 58 416281 
88 81 202284 
50 20 858282 
56 76 807455 
76 13 636163 
62 75 379268 
36 28 305074 
12 91 222707 
92 38 151530 
12 45 957547 
54 43 992621 
82 5 97552 
69 85 264157 
81 56 347465 
28 37 488493 
38 73 216361 
46 13 54994 
97 1 471014 
24 90 668030 
53 71 565989 
77 22 627806 
33 52 310898 
18 28 820596 
98 90 149183 
16 11 364493 
61 13 533158 
49 10 462002 
60 68 588264 
55 69 476700 
29 3 73284 
88 24 900078 
65 62 903610 
77 92 347566 
89 71 916283 
5 84 303306 
38 35 15613 
64 32 790785 
87 50 972968 
52 48 122935 
36 98 157449 
1 64 204120 
66 39 623913 
69 20 994081 
91 71 101717 
24 14 165140 
82 2 126387 
6 89 296632 
81 28 595809 
82 50 54065 
65 43 668440 
89 32 454955 
68 41 243126 
91 5 973509 
45 23 827472 
20 29 931490 
70 89 265890 
31 9 600896 
76 70 559616 
13 88 150708 
16 82 123270 
1 3 426398 
16 60 11487 
36 41 250324 
61 81 558012 
51 66 870181 
73 13 415614 
77 9 172249 
4 95 847638 
60 39 345953 
65 86 137022 
9 22 809911 
56 42 325286 
18 12 955707 
81 47 598488 
49 48 164026 
95 48 920413 
81 49 556747 
53 74 819096 
59 17 885999 
60 63 82160 
50 78 803559 
2 94 284904 
81 46 659068 
20 53 623047 
29 1 209115 
14 3 57290 
50 95 227457 
10 75 900634 
3 32 739561 
78 85 113161 
46 79 178737 
81 32 249437 
1 66 412549 
44 22 61204 
62 50 49172 
37 78 54468 
40 7 219832 
81 29 618065 
72 47 263228 
23 92 412848 
96 36 756245 
46 48 13679 
83 56 123234 
15 26 952820 
89 98 580724 
28 77 497529 
81 12 219993 
23 21 410606 
39 15 198440 
87 28 3763 
39 67 220620 
72 34 63402 
27 61 481116 
3 53 276747 
1 40 919175 
65 3 164134 
91 1 909461 
82 92 345511 
65 72 305146 
29 62 75214 
88 98 571485 
7 91 133486 
19 26 727866 
64 43 581801 
38 47 778001 
70 2 327387 
12 69 814810 
42 28 928282 
87 63 762197 
11 27 363193 
6 46 652786 
55 25 569541 
17 40 213902 
79 21 527393 
72 55 937002 
75 18 865894 
7 13 960499 
13 8 49635 
13 12 386110 
80 97 378301 
76 71 2956 
5 60 217198 
69 32 76805 
3 86 605426 
20 87 529541 
36 32 840347 
19 31 5670 
62 89 853776 
97 41 148237 
11 90 824006 
7 47 539530 
95 17 41353 
85 38 812085 
6 52 729820 
60 92 702551 
62 39 365633 
13 19 104568 
7 96 702882 
60 21 282397 
55 12 596261 
81 82 964159 
44 30 270603 
8 77 48619 
86 64 456864 
33 95 362343 
65 79 532313 
32 80 256513 
84 77 151882 
5 79 125425 
59 10 119636 
95 5 668614 
91 72 129868 
32 43 565063 
44 59 779282 
94 86 898856 
98 82 486619 
34 47 806429 
11 62 616682 
14 61 858158 
8 6 769670 
31 29 211293 
85 72 958196 
98 19 724304 
22 41 461661 
45 89 429939 
81 26 220108 
62 78 634542 
83 74 902630 
31 17 961796 
2 78 512625 
54 31 834029 
21 48 186388 
51 87 640694 
16 41 449836 
33 21 154009 
36 31 251972 
15 4 589258 
31 12 401262 
84 51 121312 
31 25 35010 
30 33 25138 
89 7 285061 
47 76 239984 
51 18 790266 
20 5 782301 
21 11 263657 
26 72 623340 
47 35 969973 
16 1 205215 
96 88 631365 
56 22 788024 
79 34 862036 
42 70 620296 
22 62 123833 
39 58 163026 
20 88 227971 
84 56 604913 
76 23 943140 
91 87 776758 
27 95 382943 
45 59 955828 
39 92 780261 
31 89 740675 
44 68 193622 
9 93 349013 
82 20 353018 
45 78 728478 
93 61 552650 
50 57 495443 
90 87 451900 
94 13 99782 
39 93 883743 
34 6 784858 
65 33 545544 
89 1 891371 
70 26 111068 
70 41 469685 
85 4 359972 
83 40 599792 
95 35 43954 
50 4 223736 
2 91 648846 
66 60 370945 
21 25 994019 
57 98 815755 
72 4 828872 
42 62 540107 
41 54 31924 
8 58 105447 
18 56 872503 
8 4 439472 
64 82 97425 
54 3 684720 
32 5 921109 
30 12 22588 
8 73 533144 
26 93 845185 
73 15 282808 
31 40 970387 
98 61 34619 
4 3 52002 
23 65 333858 
51 55 170487 
37 62 940157 
40 25 443803 
52 16 276864 
70 85 939993 
7 3 49457 
52 94 40992 
88 14 107579 
46 78 620736 
9 34 205638 
62 27 671788 
58 65 734574 
49 61 250075 
68 97 742790 
83 80 271056 
19 40 466315 
67 92 997638 
33 23 585123 
78 14 573708 
88 39 501458 
60 51 917110 
70 7 218619 
41 87 395776 
29 34 964515 
90 79 82528 
46 29 947791 
23 16 300844 
95 40 923030 
14 65 971842 
63 41 80245 
35 42 110702 
72 63 609596 
72 90 603510 
1 84 240842 
23 22 903624 
23 49 369475 
6 9 597782 
95 52 785172 
17 19 869464 
40 53 960722 
95 68 526057 
13 59 341709 
82 45 7689 
39 31 973642 
88 1 133066 
83 19 944977 
92 15 251082 
69 84 228750 
54 39 842836 
78 59 128501 
7 36 659257 
37 30 123746 
1 10 674015 
65 27 658308 
27 48 531992 
52 78 279973 
77 61 438074 
80 59 143304 
90 70 652053 
8 74 967653 
31 22 614198 
26 88 770492 
61 59 29653 
41 83 889184 
69 25 479256 
29 22 747314 
53 89 294760 
16 69 800617 
73 78 943726 
49 63 778592 
79 64 100547 
96 46 675218 
95 34 423470 
89 65 863935 
52 84 864758 
39 49 812693 
6 68 16133 
32 62 290671 
73 92 718445 
26 41 473762 
64 21 532010 
63 74 199460 
38 74 584317 
81 23 353655 
32 38 36395 
48 44 232406 
30 31 802289 
58 35 23057 
36 84 935621 
31 58 693191 
70 44 39746 
56 98 494679 
18 19 132365 
30 67 671691 
30 83 206116 
54 79 568837 
10 97 417164 
91 67 543653 
9 61 292598 
79 51 631889 
85 71 286485 
56 12 444957 
75 96 719560 
60 46 815366 
53 49 619426 
81 7 683948 
12 73 374571 
52 83 854406 
33 96 538362 
40 47 390763 
39 45 109756 
24 39 884878 
56 89 333089 
66 82 376431 
77 13 990266 
76 4 928958 
79 6 895260 
17 82 923534 
71 19 100268 
93 12 804821 
94 55 83606 
93 78 670251 
95 53 547039 
11 39 600417 
57 4 976185 
63 26 501269 
28 1 778358 
7 59 963541 
17 49 830687 
75 5 798450 
44 60 532609 
56 97 206185 
75 52 921783 
48 72 675069 
75 58 895072 
11 32 118972 
25 63 111860 
38 63 185680 
54 61 307925 
23 68 452446 
24 5 384695 
52 4 976239 
10 22 212718 
89 34 633867 
13 42 553914 
4 44 559535 
26 1 971742 
40 18 390120 
88 67 526578 
62 9 481666 
52 87 516291 
97 74 66792 
72 67 206416 
91 44 241591 
61 68 31265 
63 71 739207 
47 43 463248 
98 62 914764 
34 3 434952 
61 25 864768 
81 4 327921 
49 1 674090 
70 81 252579 
49 65 364732 
94 9 164283 
88 4 244207 
35 37 436186 
8 49 290866 
7 86 559014 
59 67 35544 
85 67 126607 
74 94 436718 
6 15 275440 
28 93 291347 
64 39 154535 
78 49 96393 
40 10 762645 
57 14 254018 
91 84 471813 
5 7 819862 
91 88 354098 
89 9 128878 
11 85 502049 
80 76 941094 
98 8 30947 
12 33 741918 
24 22 427814 
46 22 232869 
35 41 431189 
22 78 247939 
96 11 121839 
92 27 778414 
39 94 786083 
74 21 481599 
28 55 776978 
26 5 431973 
3 48 207241 
48 8 685290 
91 86 234087 
18 1 856752 
17 88 38436 
43 87 522967 
72 70 838687 
89 52 560496 
16 34 605894 
33 7 855981 
35 61 313990 
8 78 826276 
12 22 383163 
20 47 174273 
81 43 204098 
67 45 598128 
23 4 974393 
86 85 622687 
91 57 493727 
29 32 541011 
73 14 892728 
44 76 97774 
54 91 895207 
42 57 228406 
85 2 592052 
65 82 488569 
64 72 528733 
61 33 72377 
25 16 818158 
97 12 813535 
85 59 271456 
88 85 554083 
55 86 656479 
30 69 253208 
14 72 302009 
94 54 858495 
26 16 537155 
39 13 59168 
10 51 932672 
93 44 708947 
40 91 495211 
41 40 94350 
24 86 935500 
33 79 975743 
81 31 285295 
28 33 163063 
10 78 464182 
38 24 746386 
36 14 393472 
71 13 217955 
75 86 10949 
20 33 559059 
26 18 395513 
19 44 282193 
74 49 455722 
30 70 577917 
48 32 830136 
84 29 706398 
54 2 396876 
18 58 18559 
77 4 8292 
27 30 401895 
6 76 390933 
63 84 800659 
80 19 138167 
57 95 137703 
90 20 772875 
92 85 237102 
19 1 424544 
64 26 863828 
5 15 930563 
87 75 620520 
78 64 845598 
69 48 754416 
32 96 163556 
98 85 43779 
19 97 753513 
75 15 301032 
59 52 738100 
97 98 722029 
12 42 917156 
91 38 897393 
10 65 844756 
58 44 88893 
68 54 712126 
2 42 188506 
33 48 787909 
23 62 258333 
39 79 650914 
75 80 818705 
89 55 525730 
68 55 60223 
18 72 959568 
48 31 313180 
70 88 448191 
89 83 595946 
43 57 651478 
53 27 895301 
15 83 836105 
45 95 98855 
43 51 240247 
80 18 748176 
13 28 993422 
60 41 877603 
78 83 552747 
81 89 288886 
70 53 734951 
47 79 751791 
27 83 221506 
94 30 519149 
51 24 236550 
74 81 834064 
77 59 427399 
25 88 840320 
21 56 326942 
21 5 120748 
85 87 180481 
16 54 564164 
78 39 853284 
24 15 180962 
78 7 418333 
51 17 231157 
9 12 930415 
53 52 344990 
31 26 83068 
70 98 630675 
71 17 233026 
22 73 66468 
41 56 230558 
49 28 116372 
62 5 836923 
7 15 128305 
66 87 164960 
65 76 830746 
4 1 54989 
25 97 668991 
65 41 321165 
3 17 710742 
50 70 797517 
21 44 474055 
56 54 9843 
7 23 795110 
13 37 984160 
30 92 401575 
84 44 546346 
22 3 530715 
69 60 776837 
67 53 466238 
65 67 436321 
47 33 715210 
7 77 302044 
90 50 459460 
28 98 164806 
3 19 264162 
64 74 509976 
90 84 658757 
95 36 993726 
6 75 300702 
55 35 774798 
82 88 367430 
75 13 382777 
49 54 282026 
69 76 78973 
38 33 463474 
35 15 144109 
70 20 513034 
94 24 168660 
24 63 871075 
58 60 440999 
3 59 324344 
5 57 574372 
14 74 46415 
37 93 625349 
58 96 318454 
29 69 833302 
64 77 884990 
50 63 202580 
2 55 350412 
53 63 468745 
16 89 150782 
94 85 75081 
47 84 402740 
63 81 499285 
82 43 530983 
87 86 749752 
15 21 884432 
51 70 675075 
21 68 269880 
92 41 243186 
18 64 984203 
71 51 799399 
83 54 978140 
56 11 745401 
10 23 900846 
15 38 977266 
77 55 337545 
88 74 277992 
79 1 814631 
25 26 710258 
32 84 890178 
81 1 606464 
8 95 972 
25 18 107748 
13 53 595422 
13 31 689448 
30 49 503563 
3 62 546236 
16 4 821582 
92 12 193270 
15 95 832152 
73 85 990828 
83 46 633696 
61 92 789096 
29 16 765810 
34 98 909495 
55 85 155823 
47 44 781414 
13 41 957399 
95 91 300346 
51 81 409881 
42 82 950984 
60 49 710501 
87 31 779481 
95 16 272976 
36 68 964565 
66 23 731725 
58 57 750154 
57 62 586828 
82 86 683026 
8 44 730567 
12 60 926643 
79 36 513079 
21 72 282850 
21 80 86464 
69 42 917684 
43 66 486615 
47 56 388826 
25 39 751094 
66 89 518042 
64 83 1141 
73 60 101063 
10 88 96713 
45 84 636697 
93 73 273891 
1 50 473237 
95 66 528062 
18 77 826776 
8 82 43314 
10 25 198310 
11 73 552529 
37 71 256240 
68 65 650879 
56 33 952524 
64 76 404562 
44 1 570846 
92 20 973555 
53 6 299518 
71 21 612184 
80 36 294212 
57 97 744239 
79 53 82539 
10 96 877780 
35 1 123788 
54 5 298893 
6 60 636409 
67 73 463262 
74 48 771292 
82 63 597557 
63 70 922767 
2 80 242649 
64 71 617335 
84 78 948222 
24 11 300874 
40 75 59242 
58 33 870707 
22 19 404094 
87 81 693894 
54 30 537238 
51 21 396087 
6 48 469017 
61 39 482051 
34 43 159760 
96 94 644524 
64 85 834254 
43 8 134473 
58 22 253605 
52 8 704800 
46 18 670558 
37 95 96306 
71 73 155028 
77 38 886553 
75 30 907648 
5 86 7053 
95 9 2136 
49 93 255857 
70 62 339786 
27 51 237946 
79 16 785975 
69 62 580546 
38 3 920938 
32 33 423553 
35 60 534328 
10 95 333900 
7 79 813468 
47 67 737045 
22 60 386581 
24 95 376804 
76 11 151123 
93 33 480318 
92 84 582785 
10 77 778938 
35 23 611414 
47 53 443961 
44 31 587605 
56 52 450282 
30 42 679749 
51 16 961747 
21 13 691017 
42 32 56814 
80 16 680298 
69 35 608794 
66 85 156289 
74 44 62945 
9 75 673012 
73 25 51422 
21 73 342042 
17 44 888556 
56 73 110836 
25 98 15753 
7 30 87374 
34 96 896280 
22 71 342073 
31 11 548363 
65 50 768495 
97 96 233219 
74 46 800298 
67 62 471077 
62 47 48775 
20 63 675107 
70 31 151532 
3 11 805185 
22 49 98118 
32 55 904397 
6 20 427208 
63 73 905006 
35 39 898355 
95 60 410882 
98 91 755155 
24 2 608811 
6 30 893599 
29 70 886324 
66 16 871295 
5 2 709809 
45 55 332742 
64 92 494188 
79 98 949300 
19 91 302212 
44 97 686828 
47 1 128442 
17 53 983452 
46 11 966022 
59 76 384562 
87 35 354295 
14 92 558394 
13 16 962817 
70 11 729826 
46 44 157727 
47 6 892198 
14 25 895120 
3 26 523457 
26 82 854555 
12 27 931977 
68 35 534969 
28 35 456236 
58 36 909513 
62 66 292179 
10 16 761529 
18 96 14177 
14 7 90129 
71 54 97631 
33 36 707479 
1 70 35852 
46 34 901354 
23 89 630835 
60 75 695656 
98 37 562590 
69 7 760278 
49 94 731414 
98 49 915080 
39 47 419978 
75 36 966927 
4 45 673128 
29 10 61899 
87 18 388761 
30 87 736465 
37 94 130198 
65 81 579417 
74 41 41254 
75 63 658365 
52 29 731864 
17 15 472590 
48 93 553316 
65 69 28529 
66 42 44740 
53 58 915376 
93 77 330874 
33 98 83581 
45 51 964693 
61 4 64896 
50 38 81668 
36 12 181446 
51 7 558354 
28 62 862051 
65 53 34801 
66 98 835283 
87 17 744177 
16 71 797233 
1 15 825244 
70 65 470047 
10 83 573636 
46 3 674865 
89 95 782228 
17 58 522884 
29 2 194436 
33 46 758917 
31 71 486215 
49 26 16208 
60 90 382549 
51 22 680965 
62 84 497469 
36 65 823421 
31 88 250213 
11 61 147085 
5 66 717649 
65 92 657350 
69 33 277474 
74 58 546730 
37 58 981941 
53 75 899991 
74 31 257192 
92 21 98835 
85 10 450532 
35 76 97053 
75 47 657513 
1 36 956802 
42 58 83152 
47 25 776209 
77 21 397733 
37 69 979792 
39 98 97557 
39 9 147375 
11 49 546117 
94 11 835694 
95 26 98153 
1 72 76125 
78 60 224449 
71 32 963461 
59 31 153320 
26 76 699608 
32 47 74835 
45 90 461162 
8 54 766788 
16 8 380842 
45 43 110883 
66 41 592141 
65 21 24661 
52 30 632598 
52 14 777184 
27 55 627916 
48 37 87319 
74 19 81028 
46 67 277545 
12 96 291122 
13 58 9021 
10 46 262623 
78 75 811654 
96 25 610912 
22 27 758989 
95 2 250348 
56 6 965167 
2 74 970602 
39 29 494469 
78 17 171097 
54 75 235763 
17 79 574834 
44 39 252450 
86 71 413310 
43 53 774283 
25 70 199347 
62 18 882043 
48 26 904324 
22 69 197991 
69 52 732201 
76 36 415263 
76 16 62145 
60 34 981508 
84 35 703003 
80 4 575430 
73 16 132372 
82 91 355234 
35 29 457289 
80 62 415044 
83 49 188139 
11 80 273412 
6 1 931495 
62 26 686539 
94 51 577984 
81 94 875169 
2 16 980444 
30 19 202903 
46 56 586336 
32 13 165570 
91 50 156336 
35 17 173444 
53 31 928527 
81 64 846287 
74 43 476057 
29 72 535132 
83 5 628619 
42 98 140293 
25 76 786137 
79 88 166114 
50 8 505214 
61 57 171982 
23 34 333095 
40 85 666677 
67 94 926791 
95 30 813096 
27 8 74653 
32 66 737068 
53 54 87151 
10 90 108114 
86 44 2128 
24 9 523835 
67 82 527371 
46 8 831983 
82 38 175979 
58 16 802033 
46 70 837425 
9 91 276454 
8 33 231905 
22 55 107174 
13 55 993053 
79 32 548717 
87 36 61302 
39 84 863396 
17 74 693175 
20 11 43772 
73 41 22135 
51 3 600488 
75 69 811427 
3 45 564909 
30 57 604069 
72 8 295306 
3 80 850906 
79 44 789271 
10 72 81208 
94 89 869338 
6 69 932446 
37 20 482342 
5 29 929686 
92 58 465912 
31 4 722753 
34 31 248275 
52 73 515512 
62 30 6686 
20 56 670136 
29 56 371692 
37 65 131606 
96 8 867803 
23 2 850059 
35 70 388311 
87 10 963286 
3 27 467272 
30 26 500826 
41 14 279948 
24 26 639579 
64 60 264134 
50 89 654045 
7 95 821516 
46 89 708836 
50 55 808203 
30 81 488124 
68 92 11792 
94 12 259255 
65 30 58681 
47 48 758830 
59 93 43753 
20 42 284303 
34 80 961301 
14 43 923804 
95 41 596440 
61 20 435729 
8 55 549148 
15 67 497460 
48 85 690287 
87 57 584717 
15 91 705684 
90 38 379702 
42 29 910060 
68 50 560914 
69 13 948842 
31 56 896684 
90 23 192746 
58 66 659479 
27 50 821758 
92 18 377650 
19 88 792238 
62 45 87071 
37 5 746693 
81 58 439681 
74 26 813737 
92 35 48014 
55 70 755620 
1 71 831846 
66 31 509117 
31 50 324907 
35 16 986095 
29 23 848176 
49 51 660324 
4 90 641636 
64 20 771840 
85 23 860221 
16 17 929461 
65 83 734004 
86 58 213477 
37 47 377018 
10 53 545955 
18 93 819475 
16 5 703579 
80 40 313502 
36 90 477810 
5 10 927901 
32 53 681874 
85 54 740944 
61 91 876910 
59 20 762844 
17 1 874265 
61 24 289154 
98 77 861983 
12 47 299663 
54 17 682997 
59 90 882085 
94 76 87287 
14 23 709720 
25 83 581390 
8 87 926741 
52 36 445789 
49 55 970866 
30 3 312344 
76 3 578039 
45 5 393853 
8 94 124201 
53 39 76573 
7 17 355919 
10 50 105299 
51 32 153972 
47 31 872684 
84 64 29470 
58 47 599202 
3 98 252912 
38 5 496573 
57 55 780446 
32 97 157240 
90 55 877503 
87 58 144086 
4 60 324006 
35 96 377132 
96 53 414336 
57 52 815027 
89 39 260682 
69 94 675153 
75 93 575355 
42 26 818013 
44 20 752130 
59 89 147499 
66 20 251062 
95 19 925668 
79 25 204461 
9 70 965745 
2 13 837745 
1 46 655047 
12 58 834458 
15 85 655024 
60 61 531094 
13 83 60782 
79 89 547075 
85 61 895853 
43 80 436915 
28 83 192116 
80 39 772129 
14 42 287110 
8 31 120748 
73 74 801239 
71 28 918782 
38 81 833301 
42 52 598904 
86 89 553081 
10 26 941664 
91 93 800658 
80 91 836773 
29 92 300596 
76 12 372071 
71 20 220594 
98 65 45387 
28 3 894296 
25 64 695875 
58 63 212958 
21 81 797167 
53 46 124000 
16 70 364973 
25 78 257016 
2 26 321651 
77 19 455566 
56 68 7287 
95 18 202309 
74 29 72734 
20 28 939095 
58 56 560671 
72 15 281858 
32 67 468046 
86 48 213422 
93 83 638971 
6 16 396261 
16 59 268998 
65 45 40031 
35 50 328948 
31 45 655609 
73 70 425912 
39 37 104696 
57 59 490435 
65 90 826610 
71 75 301403 
85 89 792485 
41 45 980373 
68 43 30855 
53 1 488043 
13 20 667722 
80 50 573910 
26 4 489118 
34 53 710590 
74 75 570047 
11 75 246978 
45 70 442885 
75 97 734332 
19 9 233349 
62 60 595412 
89 63 764765 
58 14 524614 
24 91 94129 
27 36 585672 
6 21 180961 
38 97 626330 
38 17 459360 
76 82 76586 
60 67 530474 
95 51 671671 
4 63 768152 
64 88 407824 
66 7 9842 
37 45 659785 
78 1 990673 
67 20 260597 
22 66 656445 
50 46 725792 
45 83 485178 
54 63 645081 
55 31 454689 
51 65 864602 
80 52 791652 
34 39 494031 
22 47 651711 
2 27 472943 
43 79 452356 
68 31 529907 
51 34 417298 
12 40 104692 
66 47 184883 
26 54 597506 
89 27 632323 
18 60 706902 
76 62 390336 
80 78 204353 
51 29 547959 
11 28 291436 
55 87 666626 
57 53 232112 
43 97 284126 
21 40 103589 
72 17 977337 
78 27 494554 
47 51 833351 
46 92 711780 
93 50 109354 
8 76 279292 
33 45 786279 
7 63 51022 
69 27 233228 
71 35 413581 
57 96 882749 
70 18 537488 
34 21 885034 
77 12 57768 
36 20 942939 
80 88 960644 
60 77 742738 
71 46 205531 
39 10 137382 
89 51 961008 
94 92 900547 
76 84 889235 
45 28 559466 
15 9 606783 
82 97 42013 
65 63 406588 
70 78 678170 
6 91 546393 
1 62 687858 
63 45 63680 
57 85 167435 
21 53 312619 
91 63 316171 
38 44 857696 
16 7 238008 
7 2 101205 
14 2 805568 
83 2 685653 
79 12 519557 
6 36 601159 
58 70 448725 
48 92 623299 
5 63 31461 
24 74 228270 
41 19 4678 
58 3 546739 
75 3 530545 
7 26 101489 
68 73 366485 
74 36 869271 
43 63 761178 
69 86 125100 
10 14 276818 
29 47 684184 
68 7 109347 
64 11 688534 
18 5 873398 
56 55 905197 
89 84 765472 
19 16 617054 
26 11 151126 
47 68 267549 
60 47 775317 
90 15 237194 
4 91 766172 
33 3 68777 
65 78 102567 
89 88 991472 
50 3 786267 
51 82 10613 
19 43 416289 
54 33 675380 
77 42 162558 
25 28 452357 
80 44 990420 
81 96 456972 
52 13 267041 
35 30 499428 
72 24 220804 
96 54 356939 
54 97 541396 
77 96 824620 
88 11 201462 
65 18 915470 
85 97 898919 
83 11 502025 
23 6 79631 
10 9 622859 
93 3 929199 
77 43 857639 
50 81 716787 
44 62 671139 
21 54 944917 
3 72 613566 
15 81 671961 
46 73 893651 
24 17 547037 
90 69 461969 
62 56 886935 
12 82 543664 
69 34 592586 
11 1 60232 
46 66 40645 
38 67 155106 
22 34 928982 
77 31 269995 
80 86 61263 
75 20 414872 
93 1 503203 
32 57 330439 
11 82 728174 
32 74 786214 
57 25 462914 
72 16 638847 
70 22 465359 
24 64 446688 
44 71 595900 
75 41 719584 
67 3 162410 
8 40 291605 
69 89 353584 
65 71 816715 
90 66 14337 
23 86 120993 
71 56 959965 
49 62 161549 
48 77 736331 
67 69 725819 
80 33 976213 
54 42 90420 
42 86 372715 
29 91 926298 
37 12 793252 
97 11 803151 
46 64 913013 
53 25 629294 
65 29 885934 
57 73 868981 
17 84 24740 
47 14 364554 
26 36 164084 
90 43 635208 
16 45 246701 
33 82 734353 
18 49 463538 
75 33 631949 
26 35 214011 
66 14 284523 
53 97 836527 
63 39 331717 
54 86 189685 
64 35 87042 
60 56 40423 
54 69 998987 
69 82 181389 
11 93 189645 
86 16 925915 
69 21 616051 
39 40 188711 
64 63 397453 
59 51 75344 
84 70 527229 
69 98 415288 
76 53 493207 
33 16 430661 
70 66 872216 
6 71 762431 
57 45 738285 
63 23 230537 
22 36 719735 
48 90 346141 
6 51 82423 
2 61 912795 
58 95 455527 
46 65 46125 
34 40 549759 
19 49 228902 
56 37 959799 
87 76 472404 
84 93 257960 
62 61 953656 
73 50 13748 
76 72 225968 
82 59 422882 
47 92 446336 
29 55 11311 
82 52 141363 
18 94 61820 
72 75 231072 
60 42 523055 
11 23 959795 
81 83 3179 
65 13 289432 
32 98 467213 
63 27 3735 
59 98 574104 
55 1 643355 
59 26 152115 
44 32 630538 
14 1 91553 
6 49 691678 
49 76 226943 
26 9 90002 
87 92 215741 
96 1 219082 
29 28 504009 
39 18 944148 
44 2 678365 
74 87 440222 
57 7 169678 
28 64 496470 
85 76 195252 
26 86 961277 
73 20 903097 
10 66 857525 
32 1 980110 
84 86 697127 
50 75 265554 
90 29 98183 
96 23 564167 
33 27 372760 
85 17 321132 
33 71 33196 
47 50 193147 
4 13 236937 
28 2 586262 
88 29 302339 
83 7 933687 
89 87 676909 
40 26 920560 
7 42 289014 
43 27 447856 
61 28 556880 
74 96 85174 
42 45 950755 
56 80 2305 
32 72 765313 
91 18 293550 
65 60 97547 
89 64 764085 
19 42 372421 
40 13 142684 
15 97 981722 
80 65 556812 
23 56 308098 
52 97 820595 
97 23 191909 
80 60 758708 
7 52 829451 
12 46 723483 
96 86 846229 
30 91 60819 
43 26 721836 
45 40 654225 
6 45 70179 
93 29 858686 
93 6 924268 
88 7 783197 
5 33 502456 
62 36 479294 
37 77 188841 
54 6 473102 
48 38 543381 
26 17 484693 
69 47 992261 
22 38 901693 
24 73 296430 
85 29 515580 
75 27 453400 
43 60 143885 
65 47 669683 
58 83 463518 
22 21 28985 
69 58 916610 
6 83 928170 
45 25 294763 
59 18 877209 
66 80 56649 
7 97 942329 
51 41 490024 
79 63 354374 
22 6 228278 
59 79 402157 
48 84 27553 
5 43 98802 
64 47 153041 
53 86 23064 
45 91 708534 
19 61 245930 
56 19 351222 
33 81 83844 
8 80 948994 
24 59 965353 
16 12 136144 
37 76 5242 
51 35 22829 
77 45 982633 
52 45 982804 
47 27 498806 
60 81 924364 
86 19 625402 
85 32 288310 
34 5 14916 
85 82 76403 
94 59 77363 
68 80 47879 
3 2 317974 
26 50 794931 
76 83 957364 
66 8 348971 
6 26 699704 
68 30 667114 
70 61 392519 
28 88 216724 
32 82 183389 
75 83 787447 
83 55 653260 
67 31 696633 
39 23 928524 
72 11 553553 
13 63 480505 
76 58 248894 
63 93 878009 
13 57 671369 
95 6 573972 
16 55 871009 
39 97 78175 
29 71 47169 
69 46 761474 
34 19 52208 
68 66 121999 
97 20 637867 
27 98 865334 
93 68 562952 
77 95 862810 
63 80 756117 
30 39 919294 
20 22 337532 
41 94 276087 
41 46 510212 
81 48 115957 
32 21 931547 
75 98 641381 
64 62 532238 
42 34 514203 
45 73 715324 
36 9 243689 
8 64 7004 
91 26 71907 
4 66 553489 
47 54 255775 
45 92 404098 
66 19 261514 
34 90 960365 
54 78 397266 
53 24 2133 
90 47 182005 
45 86 362045 
85 52 775823 
33 43 203114 
25 67 360364 
67 33 410701 
64 93 336072 
13 29 991170 
93 62 549223 
97 5 492295 
26 32 894874 
76 7 324988 
34 63 687181 
71 52 55381 
75 2 595768 
71 81 511316 
68 63 737983 
1 98 278432 
47 8 990754 
66 29 277669 
97 17 732396 
5 59 557821 
36 73 254188 
4 37 781347 
94 66 569714 
59 81 688975 
41 86 51887 
50 74 465555 
91 13 384908 
72 83 658838 
37 34 750753 
11 47 371525 
49 50 931120 
81 62 294030 
70 94 92626 
91 52 514453 
95 92 212393 
36 67 938582 
17 98 144000 
77 63 17950 
37 74 581698 
26 55 894691 
20 23 212515 
79 18 285180 
18 78 361446 
24 23 646283 
24 49 182602 
95 54 521771 
43 41 610295 
28 26 456352 
54 28 381134 
53 48 915565 
69 66 857359 
61 75 382117 
26 39 557265 
63 17 284632 
77 24 633937 
15 55 793211 
45 32 623757 
51 12 496498 
4 56 605582 
96 60 337970 
34 88 651067 
7 9 887085 
72 39 688561 
64 48 552523 
87 44 908900 
21 86 323010 
65 75 324653 
84 10 772555 
58 68 692024 
94 53 521771 
72 62 181271 
68 32 398259 
88 63 331053 
17 68 241925 
42 8 127772 
41 6 190214 
91 97 945761 
58 34 604082 
54 24 433957 
10 98 463091 
66 71 127581 
77 76 821120 
56 86 90015 
61 53 12351 
92 19 905112 
77 66 797513 
43 36 939157 
57 36 58464 
27 49 310294 
34 33 666998 
89 47 316038 
62 79 505253 
23 82 297130 
41 34 586098 
3 20 433914 
26 84 920197 
76 60 945202 
93 36 518680 
69 51 332016 
7 19 7999 
37 90 808909 
67 58 318624 
92 89 187213 
62 97 365638 
3 25 194261 
46 2 566511 
42 21 700903 
94 48 457015 
90 42 553307 
78 98 885997 
57 23 633883 
13 23 36440 
27 31 467485 
39 86 294581 
5 23 730694 
63 83 261063 
6 84 620010 
43 25 96582 
38 2 97719 
69 70 112805 
35 3 967718 
60 57 588546 
38 83 325159 
27 79 641564 
61 95 466277 
85 80 483343 
52 37 652926 
29 76 435937 
18 69 989011 
61 32 269718 
57 6 132261 
3 47 445385 
55 92 111598 
70 12 894065 
35 80 740196 
6 67 47841 
34 12 808235 
74 57 434241 
83 53 60149 
67 70 701437 
21 85 385488 
63 33 818270 
66 78 782926 
27 14 498682 
10 21 489665 
79 50 841847 
44 9 678405 
19 82 394106 
29 87 197156 
87 45 30992 
29 50 349782 
24 3 178445 
96 55 767584 
18 48 898392 
36 24 969916 
13 79 861722 
90 54 322024 
1 63 509357 
5 90 535655 
9 46 953165 
43 55 506016 
36 34 558848 
95 28 927622 
76 48 306097 
34 78 702056 
65 93 25708 
35 4 590603 
57 92 265195 
23 54 87153 
62 7 979989 
50 14 562154 
28 65 889423 
44 14 132875 
65 4 42915 
37 22 697491 
74 33 283089 
69 50 173374 
98 44 408771 
44 72 532806 
9 55 985967 
51 50 591847 
43 59 580447 
74 5 973026 
57 37 960609 
4 2 841689 
75 67 819677 
63 78 50406 
1 42 82786 
7 18 962104 
8 12 749573 
44 73 243319 
38 59 186835 
34 70 964532 
75 8 618436 
45 7 96033 
73 17 452230 
53 19 656001 
77 88 963250 
73 2 645727 
81 42 358962 
32 14 737260 
88 83 266435 
69 74 869278 
86 4 637948 
89 3 176771 
54 7 920152 
93 98 226839 
76 50 381017 
83 42 154454 
21 26 202583 
34 83 205859 
4 9 701523 
84 2 647869 
13 26 304756 
24 78 606047 
30 79 3041 
28 69 358548 
65 20 383869 
2 52 671594 
92 63 906840 
33 35 972399 
11 92 5877 
48 78 400749 
31 63 635699 
17 69 438106 
82 54 312579 
26 56 467066 
50 53 824098 
91 46 200548 
59 29 149172 
83 31 431261 
62 17 481021 
77 35 48955 
86 47 481900 
72 38 576118 
47 97 373215 
15 71 826870 
84 34 422042 
35 91 758859 
59 41 300732 
20 14 477300 
43 1 880182 
71 9 792021 
78 82 635874 
6 37 771326 
61 26 100942 
27 87 252799 
68 1 87127 
26 22 777937 
43 38 745616 
82 37 645497 
32 86 763523 
65 1 923745 
74 77 401954 
66 36 352315 
43 89 497685 
58 72 602736 
86 31 124259 
32 75 766789 
8 19 984950 
66 55 79453 
37 59 854887 
17 94 943324 
80 89 759152 
7 72 427074 
15 27 796464 
15 58 67005 
8 17 415689 
49 47 827151 
77 78 372394 
37 41 875236 
87 1 71323 
19 58 581134 
36 85 321315 
41 53 457856 
47 19 411605 
61 87 141640 
61 30 667202 
59 63 500862 
95 20 743845 
3 42 323860 
82 9 388557 
27 90 519121 
39 32 378102 
10 67 844300 
66 3 501484 
24 37 866097 
69 63 325731 
64 53 530310 
11 5 627026 
10 52 241521 
62 41 243577 
78 26 97263 
83 60 326523 
38 88 293770 
63 32 314153 
69 53 171213 
72 66 304353 
66 97 408955 
56 16 662834 
5 72 218235 
90 73 646300 
18 21 659747 
17 45 506392 
38 41 551887 
59 6 428607 
31 72 605736 
59 22 655737 
20 31 359264 
41 72 40432 
50 28 21105 
37 70 166586 
17 25 709924 
93 16 814325 
85 51 437896 
81 6 963252 
52 88 771181 
56 27 507898 
66 30 548605 
64 95 965043 
21 84 333961 
42 84 211085 
89 22 418132 
43 86 311246 
65 42 430926 
55 44 926954 
77 41 696202 
63 35 413886 
2 1 126331 
98 94 813582 
44 24 719242 
68 42 710018 
9 96 536918 
41 81 460985 
40 84 777185 
50 6 461633 
89 12 146600 
32 19 645376 
53 92 232112 
25 37 954281 
72 53 95746 
78 32 870707 
85 90 982767 
76 24 820631 
48 65 211109 
19 14 802776 
11 25 833215 
15 59 667774 
19 2 278551 
85 19 753186 
34 67 999529 
30 45 842960 
70 13 84461 
68 27 392751 
83 32 202848 
28 51 85710 
32 70 257894 
53 11 411233 
47 80 684643 
18 17 760231 
54 36 333292 
1 95 381326 
78 96 344373 
81 77 729715 
77 80 418817 
78 5 476962 
25 29 820034 
75 22 187913 
38 78 347854 
25 20 378455 
96 22 864294 
8 51 9149 
82 96 154816 
60 88 188172 
6 42 623364 
58 50 351997 
2 63 345885 
47 93 527607 
18 11 23854 
27 46 716501 
17 65 472039 
2 68 385272 
49 21 77838 
35 5 878309 
38 1 260491 
90 6 937675 
81 86 406013 
77 6 908767 
19 37 786679 
43 46 817657 
47 61 872411 
88 78 784320 
91 53 210094 
91 32 940296 
44 28 910900 
22 67 1382 
91 96 619379 
79 78 697864 
61 55 279627 
51 68 292197 
34 11 661104 
47 18 141270 
88 51 233820 
21 8 322742 
94 27 415881 
10 4 784012 
87 38 573658 
94 4 793448 
75 24 883882 
2 39 562852 
95 96 789002 
98 11 452907 
26 89 880101 
35 44 390311 
49 90 353141 
48 39 316125 
41 55 433135 
68 62 539262 
15 96 703371 
50 72 612905 
66 26 13608 
80 10 832449 
37 68 387026 
87 97 544008 
69 97 833548 
3 95 192443 
10 2 574372 
30 13 858114 
14 96 470376 
45 36 981840 
53 26 955069 
45 21 207563 
32 40 827541 
65 32 58963 
11 6 440735 
40 16 377633 
50 84 720191 
81 72 787519 
73 19 894859 
96 24 134219 
93 69 486354 
53 22 608345 
79 22 719561 
40 98 171921 
39 82 296179 
41 88 943912 
72 36 277567 
57 17 31562 
48 13 759005 
57 56 995058 
83 70 393046 
54 57 476453 
56 65 356237 
78 40 555272 
34 86 535833 
57 10 5867 
20 41 771186 
65 61 229031 
14 59 97334 
10 60 753255 
96 59 703991 
46 72 450206 
90 26 160161 
20 98 727704 
57 63 421085 
17 61 318645 
41 71 269914 
31 18 284702 
42 40 912810 
22 40 988159 
72 20 795842 
20 2 715552 
58 26 497971 
40 73 861503 
27 35 261951 
44 18 210077 
49 59 620468 
13 17 505869 
89 40 248889 
52 74 981868 
15 66 725567 
86 67 424272 
47 73 736506 
29 8 330373 
33 11 835620 
32 41 485182 
37 8 427220 
40 6 443741 
16 14 67622 
46 16 968035 
22 90 62921 
98 6 872202 
15 30 604083 
68 19 92708 
1 13 85974 
5 92 63384 
47 26 579928 
45 75 564317 
74 76 411609 
29 4 189896 
22 80 487704 
95 71 592438 
36 60 834606 
18 41 611733 
56 61 438708 
55 82 387299 
73 26 246822 
66 59 561002 
43 52 509391 
28 67 260988 
24 58 789151 
59 35 670375 
62 58 914938 
10 70 20140 
83 66 543440 
55 23 971793 
83 62 188522 
95 55 791998 
7 53 21357 
51 39 848788 
32 54 280453 
43 6 883901 
55 67 334613 
79 72 78852 
39 27 120240 
84 94 83395 
75 43 771370 
2 72 276877 
91 3 626839 
15 43 786461 
5 93 272609 
93 7 723015 
90 71 416760 
6 7 771384 
71 18 992212 
48 50 912389 
94 46 46303 
78 71 466227 
30 55 808169 
13 96 799726 
9 35 771085 
33 17 735821 
62 54 428071 
8 34 167893 
31 93 921758 
97 58 756162 
58 1 255582 
98 74 83681 
66 40 704238 
47 52 176300 
6 33 124334 
71 42 726947 
62 31 294667 
65 52 715630 
44 16 133531 
75 94 320808 
94 56 556867 
12 98 504642 
78 9 759932 
89 78 337441 
69 3 33781 
14 35 774757 
81 17 60182 
61 23 68881 
44 51 768134 
16 74 524524 
13 24 594009 
10 55 575988 
29 18 551809 
9 17 395758 
57 40 851795 
48 11 119197 
43 91 467055 
6 25 211054 
92 98 682666 
95 12 609292 
55 84 591460 
84 16 649564 
8 83 561824 
49 35 41429 
9 21 456351 
95 44 438888 
2 32 739073 
42 92 419374 
46 28 814578 
22 13 408301 
53 84 653380 
41 27 317287 
80 1 327988 
95 87 258303 
53 12 640930 
58 43 894206 
38 70 171488 
42 50 82722 
67 16 646327 
59 87 300458 
87 19 768859 
22 95 893013 
85 42 523913 
1 77 344007 
37 87 552 
87 4 729249 
75 68 474145 
4 5 784029 
27 82 447156 
81 90 549212 
30 17 952107 
90 13 306062 
65 38 62283 
60 8 129544 
70 82 375630 
54 13 506241 
12 43 438309 
85 44 879849 
62 91 326281 
37 53 712467 
87 71 51911 
54 12 462267 
23 64 200900 
43 76 67032 
27 9 999623 
87 5 900041 
94 35 629309 
4 19 251198 
97 90 938704 
76 31 434615 
9 20 15684 
26 34 531344 
45 9 894372 
60 52 312314 
95 73 457093 
79 41 905474 
68 29 444137 
70 80 508606 
27 81 96300 
16 47 971595 
20 89 370342 
96 28 34331 
40 77 808213 
25 51 514326 
28 75 814618 
59 68 683005 
25 68 18937 
40 82 224199 
3 84 889164 
86 66 523614 
73 43 104579 
14 45 200809 
41 15 958979 
57 33 688483 
81 9 502879 
49 9 368518 
77 47 939154 
57 15 508004 
85 24 932255 
40 68 25495 
49 80 889003 
67 98 872467 
87 64 494651 
74 91 444150 
93 80 412552 
37 2 934788 
51 75 273883 
51 53 45913 
53 5 521011 
25 34 80548 
90 7 567521 
13 66 12227 
54 84 786495 
53 98 686426 
32 22 173136 
15 62 329376 
63 62 113197 
40 14 608900 
5 31 96105 
67 89 822725 
2 53 955898 
23 83 763875 
52 32 224149 
71 8 730337 
95 72 94663 
29 48 579300 
5 13 568034 
68 49 535003 
45 97 224704 
19 15 602033 
79 83 202857 
72 25 502899 
90 2 474365 
1 74 986667 
71 5 744450 
49 52 103782 
71 59 611980 
97 37 710745 
18 52 2067 
94 95 4394 
72 28 773094 
44 10 925413 
6 62 761917 
67 18 430254 
39 85 753191 
91 92 295884 
48 20 980971 
84 49 737239 
82 6 439037 
38 79 861723 
52 19 854681 
63 40 963520 
54 51 913228 
54 70 257971 
13 35 832365 
44 57 662406 
22 61 321521 
37 92 548759 
85 46 903480 
42 73 653674 
6 4 125517 
37 51 140364 
49 36 273606 
75 49 336432 
40 94 420073 
15 80 304584 
86 98 57260 
34 54 313863 
25 93 838729 
4 79 218443 
78 35 163880 
20 17 985088 
77 90 694517 
30 64 896022 
64 90 2118 
98 81 169284 
20 4 931096 
15 3 859312 
12 64 9595 
59 64 144074 
63 22 792606 
85 9 667751 
28 5 567235 
24 92 134633 
92 81 589309 
35 2 427036 
61 15 562494 
68 90 885160 
92 43 101438 
14 89 356799 
56 53 510757 
32 12 986006 
32 8 608984 
44 23 741031 
43 23 231259 
94 58 839954 
95 79 896028 
10 63 631592 
21 94 398765 
65 66 373650 
77 68 441631 
46 31 259243 
55 64 360595 
76 90 464917 
86 93 342943 
25 84 923447 
56 32 697735 
45 68 372931 
86 78 640643 
54 80 31924 
50 17 317554 
35 34 94245 
52 70 661126 
31 24 969992 
68 85 288127 
91 68 570040 
84 20 322418 
41 10 381931 
6 96 906845 
62 74 324697 
15 93 757972 
94 28 8716 
76 46 404955 
5 1 638900 
78 33 645505 
10 82 902237 
66 18 551782 
2 62 236177 
15 64 255939 
85 84 971068 
69 83 755186 
71 36 521196 
2 51 662256 
9 54 814659 
41 47 452520 
76 40 30748 
4 42 86694 
73 55 108340 
55 71 931987 
2 76 468405 
7 32 988408 
48 75 33336 
94 44 498106 
75 85 406522 
8 9 290257 
1 9 792954 
40 70 949355 
91 51 71199 
16 36 907453 
16 91 644182 
26 8 886113 
44 63 68651 
53 93 424277 
69 26 202205 
53 16 474577 
27 84 975066 
44 96 65532 
90 31 884252 
91 28 697987 
80 17 158833 
96 52 609583 
78 3 149251 
21 83 388494 
64 4 95325 
98 38 216359 
51 1 854065 
28 85 32468 
75 31 644135 
45 54 527005 
26 83 177503 
64 97 829181 
89 97 627498 
83 86 164627 
7 31 384104 
42 48 33623 
97 13 428175 
88 47 916508 
20 58 381621 
72 93 293498 
33 66 388944 
43 71 285393 
48 45 574523 
74 15 495123 
51 57 295369 
3 56 971708 
45 94 270382 
56 45 688379 
19 33 888738 
11 29 628664 
63 52 305844 
12 38 499415 
34 74 139895 
88 57 982019 
70 36 713756 
31 38 938963 
30 8 555457 
25 2 238450 
13 3 985829 
24 30 937463 
59 32 9675 
9 73 916214 
78 43 773724 
87 34 674156 
64 34 428176 
70 48 17768 
39 71 11914 
21 96 283814 
77 91 174751 
39 96 489620 
72 78 207021 
54 67 644962 
23 50 314678 
1 45 484456 
41 49 786491 
12 75 84644 
50 2 492209 
37 91 925423 
93 20 79012 
40 5 50398 
44 52 853051 
53 14 771394 
97 31 108041 
41 96 255146 
63 15 57120 
89 68 965973 
90 8 147096 
86 30 800733 
50 97 926182 
43 18 529235 
18 32 398328 
88 21 621852 
81 36 401101 
9 60 150708 
86 22 150818 
78 76 554765 
73 58 875670 
62 25 544606 
46 38 243741 
50 40 990955 
48 61 194244 
20 85 41008 
2 34 69210 
52 98 3348 
10 36 763111 
67 21 623907 
85 91 846855 
4 54 764388 
64 50 240173 
36 17 107181 
51 90 391617 
87 84 195924 
46 15 462389 
69 79 62122 
26 57 702804 
5 42 436953 
41 57 214625 
96 61 143534 
31 10 556802 
4 47 840067 
16 32 797827 
57 48 160601 
64 17 405779 
64 70 689721 
39 8 851377 
7 22 155825 
81 73 556142 
79 28 274049 
47 28 624918 
63 95 515463 
36 11 885002 
36 55 847854 
88 40 743118 
29 7 344366 
14 68 781826 
56 15 388325 
84 80 334132 
71 98 287014 
19 45 825502 
7 46 576100 
60 13 574463 
92 74 200203 
31 61 776462 
22 68 843402 
22 76 328304 
42 9 255627 
35 53 946880 
39 59 536276 
67 13 573878 
6 85 679202 
50 98 331424 
77 82 620828 
48 91 285136 
7 98 495291 
41 5 960356 
56 51 310006 
96 42 194174 
12 2 443878 
21 31 93176 
15 31 57157 
60 54 598628 
3 18 97599 
60 87 774765 
90 28 115303 
92 34 37741 
67 17 864649 
37 81 481713 
5 27 381453 
13 11 33887 
74 28 682549 
49 69 785122 
72 80 766139 
12 3 677762 
4 49 766914 
16 98 606852 
39 46 362625 
29 38 357173 
10 6 60488 
43 21 591049 
35 21 35392 
36 18 848031 
96 43 451290 
19 29 804677 
8 3 257460 
13 43 101760 
89 93 650670 
33 77 853610 
3 44 523258 
37 15 368001 
83 39 918094 
63 9 219751 
41 4 361090 
32 49 185267 
55 88 667356 
70 57 892038 
20 21 681743 
1 12 409663 
25 75 527168 
23 25 510393 
42 33 219488 
5 61 745696 
73 7 86793 
66 84 324140 
63 61 477465 
48 12 74443 
6 88 183815 
41 67 998627 
79 31 413690 
4 12 466154 
88 59 414404 
19 81 519930 
74 3 367623 
62 14 222094 
93 56 224356 
91 34 147379 
20 49 798131 
92 2 905619 
13 15 512776 
51 93 299319 
58 25 879251 
39 50 86825 
49 12 939667 
14 93 957826 
30 22 558910 
22 16 733833 
49 95 90980 
71 74 62397 
76 27 634369 
3 61 88797 
83 43 921763 
24 25 497132 
21 66 711753 
34 77 296396 
65 26 946218 
42 31 458211 
11 12 873229 
79 11 997187 
21 78 285450 
98 29 313442 
89 2 943330 
61 71 654714 
60 32 869697 
58 32 971877 
7 44 853717 
68 52 742979 
90 94 315696 
95 38 661379 
1 61 468383 
69 81 701188 
86 38 239698 
82 29 686186 
49 16 600295 
51 58 194909 
59 48 171186 
74 79 88804 
68 64 665250 
58 30 704860 
36 56 62124 
20 81 732684 
44 45 189553 
76 28 374588 
60 20 779330 
28 53 476027 
38 68 42946 
22 92 582698 
51 9 862450 
87 82 593854 
54 18 680621 
41 48 818960 
29 53 576603 
15 88 708352 
50 52 33199 
49 86 729978 
68 48 528438 
59 56 682417 
72 92 466977 
88 65 128035 
9 25 874089 
83 4 658428 
22 88 355456 
45 53 377203 
89 54 60102 
58 40 965814 
77 50 506516 
28 15 64229 
46 19 739666 
52 67 748019 
73 53 67327 
78 29 861421 
75 29 252950 
2 57 997582 
16 30 44631 
3 82 318514 
18 9 264583 
93 40 326520 
10 54 930819 
42 78 827064 
23 48 401878 
61 50 691864 
82 24 330741 
64 33 393085 
9 32 482895 
33 94 640083 
22 33 544290 
80 58 348344 
89 17 229203 
45 29 474479 
9 11 559010 
61 97 253833 
51 61 765130 
61 82 260279 
52 11 240045 
22 11 830522 
73 66 967884 
42 37 250818 
45 18 782912 
10 61 789766 
19 48 445230 
6 73 454084 
34 75 731212 
56 82 638017 
60 91 205660 
10 3 686841 
72 59 228690 
69 36 46195 
97 35 998267 
84 79 555733 
10 19 232199 
78 91 515207 
1 85 578081 
17 27 401996 
72 19 699914 
78 56 446126 
83 57 866847 
23 30 775287 
19 67 874190 
82 44 409800 
25 74 246278 
87 24 799959 
81 39 363076 
51 38 909457 
44 26 559654 
54 25 103607 
81 45 698175 
32 20 66446 
45 50 471136 
90 40 139757 
63 18 151183 
42 91 286556 
48 14 772087 
50 12 151208 
33 91 268516 
58 52 30729 
63 36 342264 
73 34 236681 
40 20 397697 
27 73 896274 
25 5 411449 
15 53 302388 
74 82 648170 
15 40 215358 
44 36 675625 
65 91 582807 
57 39 61549 
86 68 785198 
97 28 151121 
63 66 475434 
49 71 712350 
5 8 440488 
15 29 896680 
40 61 230032 
63 6 442506 
28 78 337877 
49 66 748983 
22 4 958000 
2 22 290648 
87 7 833845 
16 20 929439 
38 60 23417 
3 90 952459 
51 23 722313 
39 87 822060 
50 11 982786 
35 45 864839 
14 60 237752 
20 8 464430 
15 34 234889 
51 40 369628 
11 60 925270 
51 48 506044 
72 42 707508 
19 76 205734 
63 21 42866 
79 56 822929 
87 32 569753 
95 13 365504 
34 50 907199 
74 6 856159 
78 51 286134 
70 27 558667 
80 6 57120 
30 89 351545 
29 26 124191 
91 64 311311 
39 17 255143 
35 7 745405 
77 58 197562 
45 10 3078 
28 12 154501 
18 6 771594 
3 52 67532 
76 92 911651 
67 77 981910 
22 35 701037 
37 44 775326 
75 57 284140 
96 93 654787 
37 31 298696 
65 87 214743 
9 90 211406 
67 26 459607 
27 66 780743 
86 10 541328 
69 71 840488 
40 35 962256 
20 62 410010 
93 57 898270 
70 3 828007 
81 78 513056 
34 18 900912 
4 96 463588 
85 22 349258 
95 85 899160 
36 29 927062 
92 40 874508 
79 23 283078 
67 43 293306 
76 89 226370 
64 7 313062 
3 57 76164 
73 35 587500 
23 41 86036 
15 11 511495 
87 78 168109 
91 39 76739 
43 72 686894 
83 68 179027 
78 4 876805 
17 21 846643 
13 86 526881 
67 61 213019 
55 4 394734 
27 28 716175 
67 79 829288 
13 33 473068 
89 37 600997 
4 7 642881 
76 39 12879 
17 83 544564 
36 91 838878 
70 6 163434 
86 37 633080 
1 76 570244 
56 35 593863 
48 7 149345 
70 96 42536 
79 76 52176 
8 91 398857 
40 81 177979 
92 56 816862 
95 46 665268 
54 87 505371 
22 14 846585 
35 82 299843 
49 96 474454 
72 9 526918 
8 38 889737 
59 70 457025 
57 8 975118 
59 42 519065 
46 45 974554 
32 34 252157 
10 69 653723 
85 13 524191 
21 52 771106 
87 3 333022 
96 84 796581 
48 55 850753 
81 54 620729 
28 6 73996 
45 2 858263 
31 98 281774 
5 80 591738 
90 46 309733 
86 79 248218 
45 80 779920 
28 9 211921 
12 88 209697 
88 18 971629 
20 94 417555 
59 84 827394 
19 96 175140 
34 10 89044 
86 11 452744 
97 70 94380 
86 1 576690 
64 65 693840 
88 93 900225 
70 75 641433 
41 29 633685 
39 74 367907 
55 78 616644 
43 93 386771 
15 78 999829 
44 40 411951 
89 75 604931 
50 36 651201 
95 32 869133 
94 26 139184 
96 90 379044 
90 75 792616 
97 67 674056 
8 7 777797 
28 19 110479 
23 19 494676 
45 71 414772 
47 82 374451 
32 50 970148 
23 31 595693 
74 60 472012 
5 64 152002 
20 52 991908 
5 58 97200 
31 28 296146 
66 52 595367 
43 50 439312 
83 16 649229 
66 88 979694 
83 94 590995 
75 19 203300 
39 68 189151 
12 14 152027 
20 74 647813 
5 69 411690 
11 78 761644 
51 80 257380 
48 63 836242 
60 70 301989 
1 31 988007 
67 14 938433 
4 69 925702 
79 26 554660 
93 55 539359 
39 43 445734 
1 94 847659 
4 74 73286 
49 2 880875 
39 12 964651 
34 1 307661 
2 21 811581 
37 17 408599 
27 20 546537 
47 94 292142 
80 9 380762 
37 67 805582 
12 62 434855 
57 94 842646 
6 64 538581 
17 90 305644 
72 94 403548 
59 69 504726 
18 33 982493 
54 52 988332 
32 27 389352 
62 95 801063 
73 32 780810 
44 50 15935 
70 8 157276 
94 16 832433 
10 24 731352 
39 3 666804 
63 29 45712 
77 20 14957 
24 40 274116 
16 18 405005 
85 79 989256 
52 55 555122 
21 50 81754 
3 71 639661 
44 53 201074 
2 9 539121 
77 87 503993 
11 37 651082 
47 15 942637 
92 62 822651 
9 53 770583 
26 46 863185 
14 6 42443 
53 82 180700 
87 16 822657 
98 15 672430 
87 13 537556 
40 2 569612 
95 14 4374 
73 51 67345 
40 28 880141 
88 45 839817 
80 55 547672 
64 52 480294 
61 7 847972 
81 80 256322 
61 6 477324 
56 66 618609 
88 30 505530 
23 53 751805 
56 34 699732 
6 24 875493 
