99 4832 0 990963 62 
38 75 757839 
38 71 349308 
78 71 930035 
75 83 254793 
90 83 878687 
90 74 31488 
77 75 127611 
45 75 932261 
45 28 770978 
28 59 619292 
59 99 944675 
99 14 683616 
89 59 312570 
68 89 155486 
6 28 746771 
66 6 251573 
79 66 931973 
28 49 545119 
49 61 878236 
72 61 472846 
88 75 873047 
56 88 853589 
75 3 57340 
48 75 747791 
4 48 366375 
86 4 735017 
86 51 346476 
51 54 286825 
69 54 266888 
69 92 830175 
50 69 229367 
19 51 946945 
19 5 665690 
19 9 307614 
19 76 538180 
23 19 582094 
33 23 448603 
19 40 860971 
40 52 629103 
13 52 448281 
20 52 609777 
2 20 616299 
62 20 422528 
60 62 875676 
8 20 250354 
8 34 826771 
8 57 901458 
96 57 993708 
96 91 778526 
52 39 446547 
35 39 995503 
58 52 228991 
52 12 396394 
12 25 211133 
25 7 551934 
85 7 882202 
40 10 902600 
63 10 198541 
15 63 827388 
1 63 629309 
43 10 539506 
97 40 725926 
47 97 394676 
41 97 381709 
73 41 916969 
81 41 887988 
40 55 199557 
55 87 57894 
36 87 179768 
42 36 95693 
42 95 104398 
53 36 837382 
53 44 191807 
16 44 662412 
16 26 88354 
16 70 480918 
17 44 870161 
53 31 979882 
93 31 131212 
21 93 64147 
21 64 384314 
64 67 377290 
46 67 640843 
46 80 350802 
80 27 383336 
29 27 941578 
24 29 624148 
24 65 969597 
11 29 311586 
29 22 821433 
29 84 562013 
32 84 892127 
94 84 91624 
27 18 424054 
27 30 573099 
30 82 467536 
30 98 972642 
37 30 413328 
9 85 955790 
34 13 212924 
43 54 719502 
19 53 199335 
21 63 315571 
75 73 623755 
70 44 912076 
4 17 176409 
85 79 286625 
63 46 1204 
82 4 352243 
33 83 759133 
19 12 583900 
87 11 509800 
65 70 936636 
32 36 979400 
84 13 91328 
32 81 617710 
85 67 61832 
77 30 426461 
51 31 455072 
70 58 802090 
68 59 817736 
17 88 563013 
72 53 693445 
2 6 211749 
5 42 183733 
14 87 247900 
28 88 680080 
39 30 488462 
11 28 799191 
70 96 393527 
64 33 12052 
96 21 166798 
54 34 381495 
16 35 820922 
75 56 413341 
51 42 657320 
9 76 555214 
46 66 434693 
25 46 43194 
51 3 540154 
10 73 492200 
43 12 819564 
20 61 573054 
30 25 284635 
70 92 849065 
50 85 617238 
82 84 497760 
91 57 374963 
87 30 322893 
24 67 931756 
8 81 477574 
29 53 629851 
14 40 181158 
33 7 370123 
74 68 484847 
27 87 862995 
94 44 217327 
61 88 972190 
94 36 238096 
36 2 740172 
41 59 691571 
22 13 164134 
42 23 760924 
93 6 487547 
25 33 290500 
12 84 825219 
67 72 15193 
91 89 36412 
61 81 905470 
85 73 23256 
98 29 916171 
26 88 769612 
64 58 967684 
59 35 202377 
3 54 185261 
1 26 90422 
94 46 363261 
79 25 225214 
29 48 662514 
53 28 477797 
43 78 120510 
42 87 419515 
72 62 335861 
23 67 344543 
18 28 111064 
94 71 426915 
47 39 135955 
13 53 409643 
54 39 972730 
36 56 963401 
35 91 308651 
37 77 801061 
74 15 920821 
22 38 352350 
76 88 305919 
76 47 796497 
9 60 437049 
19 55 911415 
78 33 25666 
18 24 518631 
39 61 58233 
20 15 400140 
48 24 580826 
24 93 32228 
46 49 18142 
43 51 511329 
30 1 339738 
3 16 492228 
66 67 431434 
69 25 140000 
35 85 85307 
74 94 925594 
76 8 458989 
45 38 635947 
81 24 981989 
34 71 732566 
3 64 393422 
29 15 265760 
71 96 675691 
86 55 811585 
81 99 976918 
47 6 749604 
99 66 538959 
87 71 245758 
45 24 981140 
14 50 929137 
93 23 315804 
73 61 64390 
2 46 947799 
54 61 15317 
30 55 827582 
97 17 987963 
16 23 900165 
37 78 258231 
72 46 811678 
44 10 326954 
99 38 493359 
65 49 600207 
14 36 625553 
42 80 294278 
85 4 39356 
72 17 628418 
63 41 592176 
37 32 438600 
5 82 135499 
6 11 533379 
8 4 154067 
21 69 715740 
4 22 470061 
37 20 262753 
77 57 770957 
51 57 206395 
93 55 886654 
87 31 91305 
31 26 54730 
95 34 579503 
22 36 202561 
90 43 453234 
55 24 184852 
32 59 141878 
87 24 50115 
11 58 952904 
79 77 688966 
90 88 227762 
83 37 896824 
94 25 477097 
32 18 319039 
59 57 968908 
38 2 234762 
38 32 160989 
21 31 788225 
31 38 331298 
69 33 849408 
90 86 534270 
12 31 92202 
45 95 342962 
7 61 270545 
6 19 299841 
64 8 955477 
56 60 117670 
58 65 13158 
78 3 998491 
72 68 210150 
82 85 82889 
10 97 477172 
58 80 564607 
9 8 23243 
87 52 334014 
61 86 344443 
39 17 696852 
18 17 53111 
56 40 801999 
91 56 293305 
22 56 485967 
82 18 100188 
54 84 629893 
9 65 286835 
98 53 797107 
63 99 889430 
22 49 100220 
43 79 527034 
43 53 997499 
68 52 253919 
60 67 987437 
1 86 348021 
4 64 566080 
45 32 696666 
73 37 923875 
78 59 573711 
49 27 345861 
35 12 208100 
34 55 1601 
82 73 223047 
39 34 584084 
13 30 771148 
80 81 846992 
9 21 604626 
90 69 577060 
42 69 859235 
11 92 44660 
72 21 791459 
79 9 381624 
6 85 847052 
49 55 830158 
38 94 731617 
29 54 384694 
86 34 49474 
69 97 840813 
82 53 627728 
13 32 901858 
79 93 364640 
68 41 439335 
91 24 575811 
60 25 261859 
31 6 431808 
59 30 962696 
61 59 560982 
55 70 596329 
24 49 212556 
86 13 395462 
62 35 942316 
80 32 507890 
9 69 628615 
94 11 530088 
31 48 853960 
71 76 248228 
42 25 261334 
34 6 412897 
71 15 27395 
64 38 708334 
21 4 410935 
87 19 266412 
3 14 845781 
81 37 707812 
89 13 553527 
51 37 146136 
96 54 206159 
19 44 495573 
58 62 992683 
70 49 868715 
82 69 40678 
67 92 916799 
95 5 879311 
78 80 166555 
89 39 187757 
74 72 363518 
80 15 397343 
63 42 869945 
53 84 244089 
6 81 170072 
89 15 14420 
16 20 891487 
8 33 855134 
92 2 43110 
72 16 768519 
82 45 103252 
80 17 596284 
9 83 87546 
17 20 518948 
89 71 389523 
59 10 797426 
17 49 861665 
79 58 304954 
40 36 2115 
5 4 94637 
31 95 244156 
93 64 866654 
88 60 891023 
40 44 328355 
53 77 861778 
46 21 998062 
82 29 414179 
10 66 701770 
76 32 75102 
35 19 116806 
86 10 85274 
69 46 908134 
61 8 140650 
35 70 23785 
18 43 779954 
80 56 603330 
86 76 907200 
12 15 957710 
7 10 830298 
13 26 888993 
35 34 925493 
85 80 3313 
85 66 867151 
76 28 985211 
42 6 725367 
6 46 552476 
90 68 681447 
23 9 112835 
87 28 350096 
96 59 873052 
25 85 114390 
40 30 357705 
97 13 65919 
49 68 932711 
45 27 829808 
12 39 559292 
81 26 722863 
46 22 936250 
39 19 818618 
79 60 94258 
68 48 158806 
51 88 435127 
26 99 871883 
59 4 441329 
78 40 588331 
87 85 900169 
38 10 620385 
74 20 913541 
29 31 909078 
31 94 614558 
87 67 236663 
34 73 620305 
28 26 480515 
7 27 90306 
90 31 991803 
49 62 748097 
33 99 753795 
65 14 360975 
89 74 285360 
22 64 169793 
19 17 559519 
29 49 108117 
8 23 780686 
24 85 553703 
23 80 463625 
50 20 62623 
22 16 890250 
11 83 730937 
44 87 835222 
72 58 710973 
93 51 374135 
86 35 143213 
90 29 588713 
87 94 252384 
55 8 438491 
8 84 620606 
21 98 174349 
73 22 489212 
29 92 374889 
4 84 853203 
51 77 978377 
21 29 310245 
69 64 84288 
33 85 459887 
38 26 525289 
60 84 450591 
7 97 199279 
51 11 174374 
75 23 587591 
64 9 310498 
28 9 692937 
7 79 50471 
16 93 738119 
8 69 105547 
85 19 842731 
9 53 256749 
92 78 372065 
8 18 358545 
14 12 302241 
46 55 237765 
40 48 575046 
55 17 903979 
58 15 879712 
86 68 131509 
92 60 503150 
28 2 253989 
71 63 435227 
86 39 165758 
98 99 411177 
94 58 95859 
94 75 752608 
78 2 498826 
29 17 753387 
44 92 321680 
54 89 400971 
23 97 795589 
54 8 35670 
43 68 354100 
57 75 237645 
37 48 42378 
69 98 211760 
62 48 80542 
2 65 527284 
36 52 337646 
2 73 137897 
41 3 161534 
3 30 793998 
51 36 4628 
84 50 285835 
92 37 705757 
93 3 197542 
91 58 834346 
98 45 854367 
33 88 109970 
70 57 596220 
6 82 160368 
43 27 551267 
53 3 593783 
64 77 843444 
92 64 974210 
99 13 195730 
22 47 215359 
3 19 134815 
3 40 760099 
93 77 90784 
10 55 869276 
39 51 904682 
99 64 695335 
13 92 27869 
52 43 627547 
69 58 459910 
2 11 946673 
78 38 981734 
23 96 687908 
92 10 883220 
50 32 766697 
90 89 225790 
62 36 671329 
39 11 173528 
95 99 845495 
83 20 312853 
61 46 799079 
39 43 363448 
24 17 89785 
17 57 85126 
5 74 402277 
51 26 551066 
35 80 524331 
90 87 528497 
72 73 587615 
87 62 228943 
14 2 760619 
41 8 491380 
91 4 609104 
19 43 20476 
14 15 454037 
28 4 994645 
80 66 137400 
55 44 837804 
29 42 30135 
3 61 265903 
56 50 881701 
65 31 384856 
48 60 818367 
4 38 931758 
21 27 263149 
59 31 501270 
85 1 560131 
76 5 895199 
30 61 624846 
82 47 36263 
9 15 235983 
16 4 473188 
64 20 834105 
47 92 760386 
99 51 280795 
8 89 74924 
53 71 330571 
52 48 585152 
55 36 629714 
26 54 129869 
94 16 371041 
92 12 330081 
47 33 873195 
71 7 466659 
33 92 262248 
92 98 569557 
61 16 928439 
89 51 854217 
73 43 513413 
34 60 928040 
12 24 931251 
9 86 381926 
53 41 589420 
89 30 609036 
8 56 953355 
28 16 780101 
16 48 923520 
91 73 572915 
75 19 642438 
89 2 915792 
54 79 7854 
73 7 297574 
34 45 687294 
24 60 736518 
97 63 99212 
98 12 635363 
7 3 3608 
88 99 768721 
30 42 480286 
90 23 403892 
46 17 209143 
77 92 21123 
9 89 135170 
86 96 152358 
99 65 870977 
29 58 371056 
29 99 277240 
87 46 945816 
92 81 680468 
73 36 852898 
3 68 853113 
23 26 871982 
76 62 256019 
62 88 727382 
67 86 611144 
46 58 296342 
36 44 605415 
67 28 304055 
23 22 671001 
39 79 582725 
66 1 794222 
49 31 267068 
99 16 180120 
2 34 846173 
7 5 405639 
94 33 124877 
20 25 88488 
53 16 50510 
40 29 25345 
69 70 162040 
58 17 146851 
30 92 948706 
26 3 376718 
76 64 584249 
50 4 926294 
97 52 732217 
28 3 493158 
12 28 400515 
34 85 107797 
91 22 810364 
54 88 339693 
79 73 791381 
42 21 931217 
34 1 74513 
15 6 203258 
63 32 702901 
59 80 238610 
24 10 875018 
7 9 871826 
29 7 505313 
1 79 350444 
79 23 292583 
93 63 735026 
39 80 457552 
57 92 643594 
99 58 969447 
44 97 331146 
18 21 557974 
13 72 747619 
79 32 706619 
71 28 641636 
93 35 388715 
74 23 988694 
5 92 342745 
62 26 882259 
53 73 991656 
98 60 413619 
97 37 573696 
56 99 498586 
35 47 964189 
84 92 588837 
48 41 583297 
8 71 263721 
80 14 539653 
99 91 418910 
99 1 615104 
35 81 433741 
49 11 550371 
9 32 21697 
24 57 214403 
24 46 166007 
1 12 908401 
48 22 978741 
77 73 313640 
94 62 764740 
88 31 782969 
1 22 555349 
5 37 721864 
1 59 853804 
76 57 128119 
3 66 20043 
22 76 3119 
89 93 165941 
93 58 821548 
10 69 665148 
57 35 145174 
23 10 874465 
91 97 180975 
10 83 968258 
40 63 367636 
33 70 551979 
27 8 168767 
68 87 872443 
52 14 534020 
2 30 649080 
51 30 170635 
85 75 990661 
66 25 951268 
46 34 234670 
17 95 94545 
64 61 36747 
90 54 11764 
56 10 356865 
56 67 375131 
20 12 398816 
55 84 707033 
59 94 900124 
50 24 974962 
49 93 694194 
79 42 355574 
54 72 666391 
34 26 109928 
54 57 776371 
4 89 706661 
80 57 174794 
80 79 451000 
58 37 288479 
65 20 718524 
66 93 963033 
32 15 176838 
68 8 552815 
50 65 397966 
64 54 598277 
48 33 635269 
56 9 178429 
20 43 366100 
80 7 99347 
82 27 574224 
54 97 54845 
97 85 529050 
1 41 851918 
98 34 719148 
14 78 720424 
14 7 201541 
48 13 75798 
73 13 418618 
62 47 310180 
93 53 844204 
94 17 234264 
50 2 487150 
59 86 683534 
27 5 549230 
56 77 268919 
92 7 614141 
91 62 428026 
16 9 113428 
72 70 699487 
42 41 587891 
39 76 886481 
61 66 455151 
18 67 607103 
77 44 714567 
3 57 354093 
84 63 817022 
14 11 337066 
46 85 803664 
36 35 123297 
32 40 131784 
53 4 558582 
82 49 374360 
86 16 47401 
68 76 394710 
15 45 64420 
41 32 26097 
57 36 323606 
74 87 999739 
71 4 313402 
22 95 531658 
27 10 825467 
62 31 862171 
25 1 794057 
13 29 776984 
67 52 496801 
10 41 855660 
74 51 333815 
24 28 445359 
15 26 629989 
90 7 891767 
90 58 711599 
29 39 557844 
92 95 508006 
52 32 782892 
51 66 855368 
2 81 599383 
3 95 243805 
77 55 269027 
8 49 740822 
85 47 1599 
67 37 703994 
99 69 130204 
37 31 186469 
28 54 446831 
64 71 378484 
53 61 473415 
32 20 334669 
95 98 451082 
74 34 93734 
19 29 708095 
92 21 645448 
11 47 520135 
94 51 285637 
25 64 301476 
66 42 724186 
55 43 263535 
80 51 769350 
97 35 717728 
33 27 980743 
81 69 246852 
7 22 694023 
3 35 485946 
25 61 261531 
67 91 315209 
82 1 973741 
83 4 68735 
19 13 535729 
33 44 671510 
71 32 937214 
43 48 514437 
79 72 264134 
76 74 496011 
9 38 673138 
66 96 691524 
47 23 962272 
36 61 172670 
54 35 194483 
45 35 589027 
63 11 731921 
7 48 785572 
40 95 221477 
36 43 438547 
66 8 256933 
22 69 64503 
66 92 299452 
96 65 558388 
76 99 732382 
20 39 644527 
9 46 947300 
97 88 6825 
34 12 903580 
37 17 219389 
60 89 894196 
82 9 490702 
38 3 362897 
88 7 518021 
77 2 786569 
41 44 451350 
22 39 833961 
32 99 700228 
3 49 675519 
19 54 697465 
41 51 156187 
93 90 450813 
7 86 875925 
16 49 539186 
72 36 981224 
37 76 243346 
73 76 438190 
45 43 893759 
42 59 453391 
56 34 237287 
91 59 831164 
34 97 762370 
14 48 410964 
74 84 479621 
49 56 478056 
49 43 684772 
32 22 204783 
48 42 899744 
16 91 426738 
29 28 759967 
24 72 270527 
61 99 593090 
6 24 881196 
48 32 623635 
25 81 907817 
54 21 828043 
41 62 404324 
78 18 491893 
74 86 200436 
67 35 826920 
17 62 339849 
25 86 598554 
23 40 518395 
94 43 348677 
31 83 601746 
86 37 330838 
88 2 76018 
78 53 909154 
54 78 3101 
62 70 300166 
7 65 494369 
90 91 913300 
12 48 1726 
53 27 771755 
39 64 982309 
1 93 166082 
96 18 130188 
38 54 3215 
38 15 192901 
65 94 794878 
91 47 595473 
64 18 610328 
83 86 112140 
99 45 48207 
19 77 207693 
19 98 478768 
80 68 176108 
93 50 492918 
88 38 325701 
69 29 692386 
83 97 614945 
88 49 617873 
77 95 381011 
60 40 230631 
97 48 848647 
76 33 370718 
9 37 100884 
37 68 87849 
7 20 225702 
17 93 740191 
50 7 660900 
47 56 295833 
15 91 565858 
43 75 277362 
34 11 832038 
91 72 362312 
27 97 534484 
64 56 976422 
77 36 863880 
30 90 644413 
86 8 33263 
6 32 708658 
64 44 114083 
70 18 994550 
62 74 312229 
19 89 380544 
15 61 996426 
84 34 403058 
95 7 423915 
90 76 175438 
18 16 658418 
50 52 73615 
93 57 389204 
80 97 325798 
90 71 118327 
95 36 621219 
20 72 939128 
79 97 283082 
25 27 639048 
19 78 354840 
64 30 990656 
35 74 439073 
56 13 116380 
25 55 412927 
73 70 198785 
57 25 688272 
87 81 662389 
82 44 529867 
62 30 407118 
79 55 354001 
52 3 765025 
75 12 919889 
92 63 309575 
90 15 756273 
18 66 313001 
96 77 329242 
56 65 938729 
65 12 575921 
49 51 801869 
16 97 669078 
83 46 753052 
13 77 283173 
15 48 740589 
20 67 610865 
53 79 701924 
56 62 776935 
32 57 681716 
59 19 957423 
85 69 565277 
71 54 269426 
13 21 393195 
83 72 752576 
24 96 882091 
13 75 10925 
72 49 216128 
22 65 189360 
27 64 223584 
60 11 420624 
28 27 238634 
96 19 790481 
31 98 625833 
84 88 2041 
85 99 691743 
89 10 124046 
70 56 79751 
21 90 114469 
8 38 929232 
13 79 839689 
54 24 214986 
60 44 394778 
32 58 697090 
48 91 118334 
64 32 684222 
59 65 96094 
51 20 119225 
78 69 56356 
61 58 463358 
28 97 276937 
33 93 735578 
34 64 898624 
59 69 718838 
99 84 312252 
93 84 492364 
60 81 216339 
76 31 803780 
97 62 205400 
39 62 397022 
34 61 251062 
68 60 872258 
57 9 487985 
53 25 323423 
72 84 885050 
78 27 911529 
3 46 202388 
80 94 17850 
95 26 695891 
52 62 797803 
45 30 539832 
50 73 695563 
35 98 65678 
71 36 674950 
51 59 294378 
81 79 63209 
32 91 221410 
6 7 115766 
67 95 344079 
52 17 496555 
27 96 874999 
59 23 591046 
94 5 127932 
20 66 450202 
41 57 200027 
39 5 511296 
60 69 695983 
52 29 204288 
98 88 484723 
29 74 593420 
65 57 235709 
31 85 818035 
91 76 367457 
91 45 216447 
20 42 718912 
30 15 49708 
95 87 190428 
58 81 386005 
46 15 477016 
43 76 276358 
48 89 818776 
82 98 990030 
95 97 604150 
52 23 926907 
23 1 941801 
20 21 417439 
1 8 24884 
46 45 367432 
37 94 473130 
96 25 144645 
24 1 34791 
75 35 748136 
73 6 169697 
21 75 450524 
13 11 576737 
27 92 742670 
44 58 191560 
8 58 678312 
8 16 591753 
9 13 163066 
63 81 734472 
71 11 291647 
11 82 511928 
50 25 254041 
55 41 112185 
25 58 684433 
84 28 97871 
9 84 503059 
50 94 330310 
70 68 705221 
84 90 931524 
74 91 223291 
92 16 683035 
23 36 234588 
77 85 445329 
20 44 799393 
36 37 618121 
49 57 148430 
74 85 731240 
36 6 538822 
54 86 475968 
13 2 474586 
74 55 435506 
45 41 323729 
4 45 720337 
94 48 698104 
57 84 463537 
5 45 276334 
37 13 37872 
73 97 721834 
24 23 397964 
10 39 662575 
90 92 435760 
10 9 5034 
41 6 176385 
88 70 790454 
21 35 193039 
84 71 879442 
20 60 394253 
77 6 606742 
95 66 815236 
26 52 573859 
82 75 230521 
54 1 152728 
25 10 619275 
67 80 78987 
16 73 29797 
3 18 332733 
10 48 717187 
85 32 165014 
64 79 266397 
29 46 888816 
70 98 857936 
36 48 519102 
32 65 916820 
68 81 984177 
58 2 349916 
5 75 415654 
34 21 533559 
56 54 202629 
49 38 26489 
93 29 6968 
88 85 939012 
40 43 249680 
31 57 322127 
88 14 914548 
33 90 898149 
93 37 741724 
29 20 790425 
25 71 133850 
58 4 515112 
81 9 939858 
34 14 984803 
40 45 830872 
13 80 833054 
58 86 314367 
52 92 82879 
91 78 491552 
44 57 768478 
4 67 211672 
59 82 408234 
79 22 820785 
60 8 643731 
43 29 257572 
43 21 167079 
42 96 530374 
78 12 735652 
4 32 818962 
61 23 307728 
39 97 34672 
91 83 559864 
63 27 558820 
36 69 67180 
44 83 513620 
7 51 900222 
10 75 485235 
33 45 246181 
80 53 897368 
28 77 76653 
88 63 204009 
57 86 281499 
11 98 794005 
31 77 230684 
96 87 658483 
13 68 206617 
1 81 779573 
94 53 221436 
32 94 599634 
86 24 746130 
79 89 577450 
4 36 107803 
45 49 418231 
91 82 105247 
94 54 641421 
64 13 5905 
43 80 471239 
85 3 258711 
76 24 192526 
62 34 392587 
63 31 535181 
42 10 613193 
33 40 774905 
16 6 345215 
14 92 995741 
39 6 290308 
13 8 459415 
18 46 318012 
47 2 206809 
9 95 344400 
15 23 609869 
10 61 14640 
2 57 940921 
39 33 689419 
53 8 348640 
60 57 840142 
39 72 35683 
34 15 779677 
24 39 891052 
41 25 730578 
42 76 67041 
31 17 638065 
44 75 122467 
23 29 420665 
69 1 111845 
89 84 632850 
76 44 879552 
36 92 184644 
66 39 209191 
82 63 71209 
28 51 291344 
59 64 226653 
46 51 440532 
53 56 929622 
68 1 488025 
81 55 228868 
33 46 816689 
36 50 554833 
4 98 918846 
88 71 448217 
27 55 308288 
24 14 807378 
44 18 978035 
58 7 276694 
15 60 103042 
73 1 127393 
4 24 508795 
88 94 320355 
4 26 324234 
53 46 159786 
99 83 953638 
44 99 638976 
68 33 475933 
38 67 281130 
60 80 25033 
75 61 302835 
63 68 970998 
7 18 489260 
89 75 275721 
88 8 620557 
9 50 194154 
22 33 932011 
82 78 890411 
88 53 289751 
98 46 708017 
11 46 209193 
66 19 884707 
75 59 48708 
52 80 258643 
79 15 899447 
60 36 108543 
72 60 235005 
62 13 459573 
28 40 838819 
88 59 65186 
96 84 571404 
29 56 106503 
30 33 428560 
95 28 272293 
87 29 170388 
37 45 133109 
38 48 267389 
11 43 738498 
73 24 216671 
65 46 873391 
45 76 680866 
98 22 367840 
69 55 445265 
63 35 921690 
47 7 586476 
93 95 835502 
14 45 836777 
40 13 680429 
19 20 566715 
96 5 467762 
14 19 651850 
64 37 259203 
65 6 52698 
85 59 256361 
73 74 938510 
66 32 785250 
36 99 349135 
73 26 254838 
29 61 728097 
55 28 894064 
10 90 235878 
37 49 452014 
38 86 34634 
26 48 91327 
92 48 344120 
2 72 160284 
1 39 639197 
2 55 271413 
41 20 217083 
25 82 31607 
34 88 825096 
72 65 332880 
12 90 645929 
62 59 363646 
20 24 391902 
95 75 871112 
47 78 733337 
66 69 349080 
59 63 553837 
76 20 173440 
52 11 80090 
16 21 242152 
50 76 911530 
90 16 410886 
28 17 980333 
32 11 968851 
91 44 220050 
79 71 908956 
23 65 599175 
51 33 735310 
26 36 953234 
49 50 595842 
60 35 152385 
53 5 400445 
69 38 233242 
58 96 524737 
95 94 26039 
17 68 28633 
9 17 437541 
30 44 108926 
28 15 401063 
36 27 894425 
85 28 150153 
80 31 764696 
15 35 285911 
23 84 999934 
29 34 760335 
68 22 308422 
98 59 251040 
19 84 419550 
85 83 90035 
80 12 931778 
25 26 953941 
74 9 804568 
79 44 535634 
82 42 304663 
1 13 427760 
4 66 23989 
35 56 289833 
77 10 123798 
11 55 493006 
99 54 271941 
9 73 837074 
46 23 976316 
43 35 454342 
93 19 639984 
41 93 127435 
12 55 29102 
86 27 408785 
77 24 268680 
77 76 309622 
25 74 922164 
94 15 206281 
91 18 986919 
18 10 280278 
75 6 891109 
47 83 822806 
3 37 141989 
1 42 567155 
81 3 716781 
44 78 808209 
72 43 91702 
22 92 145081 
45 25 263765 
65 10 755929 
4 6 674874 
35 44 969377 
11 53 194279 
39 3 658428 
92 19 690614 
10 17 567652 
65 35 255444 
83 35 644540 
42 55 739865 
31 30 930160 
83 69 139995 
49 76 450100 
16 47 553554 
25 17 322281 
63 74 697969 
51 50 850583 
68 31 487595 
77 43 79564 
73 11 275395 
10 54 779667 
70 2 407416 
58 16 272226 
48 6 784890 
61 12 824141 
7 53 353519 
18 75 734217 
17 13 493979 
37 66 208188 
28 50 846927 
87 54 183222 
55 61 60725 
42 88 905909 
97 78 824811 
99 34 653064 
62 51 715689 
10 8 961911 
78 41 8595 
96 17 728420 
25 49 255319 
18 92 183810 
76 87 939342 
56 58 973865 
80 36 256989 
9 87 50654 
91 38 194202 
35 23 971105 
79 50 201958 
8 87 31374 
83 28 932293 
64 48 31457 
5 70 96052 
82 71 764477 
65 84 705738 
99 93 727136 
80 91 889598 
96 39 907955 
45 92 908413 
45 6 657599 
62 24 483233 
5 81 307243 
79 26 500983 
93 47 425629 
47 13 295476 
43 91 627599 
6 40 865909 
20 89 376164 
89 87 616885 
94 64 640007 
10 2 336114 
22 93 293791 
93 39 529878 
65 83 515063 
26 2 555771 
62 77 160963 
24 80 361666 
78 68 238969 
14 47 538193 
33 58 374492 
95 65 281198 
70 60 176632 
79 41 139129 
66 77 801640 
10 14 567357 
45 2 295085 
33 56 503562 
52 79 200746 
74 66 732509 
71 49 210990 
44 66 264145 
20 35 996738 
84 75 36289 
45 80 644530 
35 77 748194 
82 52 673244 
76 72 132156 
74 27 299450 
83 82 34726 
67 26 977905 
54 40 877202 
62 11 272565 
62 84 452671 
36 16 415235 
31 5 975322 
61 71 186503 
38 84 547496 
57 47 229887 
67 81 883003 
6 74 789972 
18 53 234456 
62 3 689124 
98 33 953499 
23 18 690517 
32 39 807025 
81 7 729725 
3 84 747865 
26 37 996322 
28 13 915812 
86 15 968592 
88 12 213766 
72 45 421900 
19 73 670336 
16 30 897840 
31 45 84086 
67 2 93846 
8 14 330887 
65 1 897309 
26 68 958579 
76 17 398574 
16 87 456864 
66 68 930303 
29 44 814828 
57 43 802752 
85 78 381296 
27 75 158543 
58 20 706196 
48 2 304353 
51 40 235142 
83 73 283922 
44 4 319054 
88 66 354430 
8 39 616031 
5 71 969469 
62 28 396312 
97 71 569085 
55 6 680886 
98 55 695735 
35 10 408136 
72 6 755077 
57 46 437635 
18 56 785588 
64 98 143349 
26 94 848634 
77 42 863470 
58 24 249720 
85 64 794823 
21 89 663933 
49 18 1495 
94 86 633410 
10 79 681823 
65 11 594970 
81 91 976912 
45 78 874747 
21 74 450678 
15 66 729385 
35 24 585285 
67 8 296540 
82 92 715104 
44 67 447601 
26 57 566390 
11 9 706813 
30 68 909046 
96 82 654292 
86 70 815942 
93 43 796453 
86 18 733646 
83 30 427087 
14 93 761203 
48 50 767231 
62 8 430192 
74 4 147374 
38 28 569316 
50 27 315145 
85 56 171668 
80 26 976088 
90 77 882251 
3 9 686199 
60 76 841518 
57 16 368994 
8 28 553109 
8 42 755396 
90 75 653058 
38 42 89255 
15 57 691427 
52 37 98852 
98 86 91334 
60 14 468106 
32 74 919568 
67 94 165676 
70 3 499962 
20 47 611137 
86 63 263960 
28 39 683059 
41 65 470025 
70 52 752021 
64 23 807185 
74 28 875194 
90 11 74354 
33 87 430880 
71 48 646992 
89 17 780327 
16 15 549093 
72 87 913837 
90 2 271478 
83 34 695802 
4 65 678892 
20 11 785621 
51 6 601754 
31 66 70081 
80 2 871963 
46 95 525362 
5 8 94438 
14 56 85926 
21 30 487765 
16 46 918509 
59 43 745187 
29 94 491386 
74 16 419623 
41 80 312951 
76 40 764506 
63 13 534841 
74 31 266826 
28 99 562303 
65 90 461085 
31 41 604298 
42 15 393335 
40 93 139852 
3 23 858442 
51 1 706997 
86 97 82822 
78 67 657815 
6 91 164303 
39 69 575349 
16 67 646018 
39 16 624870 
11 77 522296 
26 92 344628 
13 95 167424 
1 84 362060 
7 16 529151 
29 51 961182 
22 60 366834 
77 88 727875 
67 50 987495 
85 81 987809 
8 77 466997 
54 7 837723 
43 44 83054 
27 15 898064 
1 97 818984 
9 40 309275 
98 10 173159 
7 21 999242 
15 44 817114 
23 76 465425 
85 52 245367 
75 34 958838 
30 8 314641 
50 13 793560 
67 13 181818 
1 44 554823 
71 99 612866 
5 78 811797 
14 18 476323 
51 92 27433 
92 1 876004 
51 13 348488 
70 71 928363 
44 71 298311 
42 22 46794 
3 80 521601 
33 36 567429 
10 45 2642 
75 69 313831 
99 50 714373 
48 63 610817 
70 38 317979 
96 63 758175 
47 61 438716 
18 77 438061 
13 42 972878 
85 40 900864 
68 57 918624 
62 32 468079 
20 63 522923 
1 91 954985 
14 83 108437 
95 60 491992 
46 91 427834 
6 35 996403 
73 32 498592 
81 36 315483 
19 82 58279 
78 76 118163 
20 9 892032 
92 55 650637 
62 79 721477 
94 42 954019 
78 73 109620 
28 93 155130 
54 95 897327 
47 68 94059 
2 52 599627 
81 31 207754 
89 77 271803 
83 58 577873 
15 93 392928 
76 12 774257 
43 6 472915 
4 37 657052 
4 42 72056 
20 1 533502 
88 5 901322 
96 33 826870 
84 7 138390 
70 42 652468 
64 41 272789 
60 78 974088 
33 32 973259 
15 78 294754 
44 80 495505 
19 64 869198 
72 57 669353 
65 98 457157 
13 39 573427 
57 97 921311 
4 33 286616 
62 86 297961 
52 76 514538 
62 78 610840 
88 3 931778 
23 43 762783 
51 96 134458 
38 19 754576 
47 72 728196 
30 88 392288 
24 51 168875 
17 71 884554 
3 24 717640 
49 19 829303 
35 11 378851 
83 78 231619 
42 43 750313 
62 54 350209 
57 87 68944 
70 8 286753 
80 84 308195 
83 55 439406 
97 6 738058 
92 31 867370 
36 84 544928 
82 67 719325 
98 62 253289 
99 92 168937 
47 8 267407 
96 94 236674 
80 18 273836 
38 14 423213 
36 88 86912 
5 62 488510 
19 47 516164 
45 3 943398 
74 2 529780 
53 10 203444 
72 42 751169 
4 77 333271 
12 54 949710 
42 60 649513 
34 48 885091 
17 65 260939 
68 45 154880 
60 77 340961 
69 27 212943 
83 40 518791 
94 83 422117 
47 43 197128 
5 33 814463 
40 59 613356 
96 12 184518 
72 92 941904 
67 69 672733 
18 97 644187 
20 54 527113 
1 48 411599 
99 37 782789 
25 18 72550 
13 54 869022 
28 48 298656 
11 40 443507 
8 17 572023 
50 35 484213 
73 51 660003 
10 37 733870 
32 5 46887 
20 27 238962 
98 94 243236 
25 97 358658 
73 68 316781 
88 29 2813 
58 87 657831 
5 80 997450 
23 66 195486 
30 46 558027 
67 53 882310 
46 14 9161 
72 71 233763 
81 46 541948 
38 36 884514 
37 22 776500 
22 6 843161 
4 14 790937 
49 69 190688 
89 27 4764 
81 78 858084 
15 17 598812 
68 93 88822 
50 89 382604 
85 60 222558 
73 27 722775 
1 37 227706 
20 48 556434 
63 18 536429 
67 59 37958 
86 80 378565 
63 65 125295 
7 12 700889 
1 98 428335 
90 64 925682 
65 45 467353 
86 11 909297 
52 5 872406 
48 45 464737 
61 51 947038 
24 36 946745 
41 16 966299 
14 94 961440 
19 7 192039 
40 75 805331 
45 57 302926 
91 85 796609 
36 13 803113 
9 99 284416 
64 15 996276 
1 16 656894 
56 31 283361 
21 45 18732 
40 57 148727 
45 77 844381 
47 64 12370 
34 36 623367 
28 19 244145 
49 74 394883 
51 64 492013 
58 68 573086 
95 91 84840 
60 23 802030 
48 65 249593 
87 4 753309 
78 13 325304 
9 49 362870 
64 83 615569 
29 18 875270 
53 50 843633 
23 73 614269 
31 18 885791 
83 80 619332 
9 88 461645 
55 89 449698 
60 46 302237 
36 49 177938 
12 56 855863 
29 47 884756 
86 17 129953 
79 82 276652 
16 85 242313 
8 35 501179 
91 29 214977 
74 60 915838 
27 39 62199 
57 22 327944 
42 61 510430 
16 50 596944 
94 7 826184 
59 92 890026 
31 71 119178 
66 47 239101 
41 7 716388 
7 83 592992 
99 7 443123 
78 34 521356 
81 75 323822 
84 68 761028 
45 20 609749 
72 5 504000 
1 4 193276 
98 57 298742 
22 97 438112 
87 78 901180 
32 75 860325 
85 27 881635 
6 21 506682 
76 41 898888 
95 4 18145 
49 20 469657 
13 41 670810 
50 77 79641 
46 48 651072 
18 35 77010 
31 96 217800 
22 20 740848 
43 71 460079 
67 90 35857 
48 19 316148 
12 95 985275 
83 56 39154 
38 44 424438 
17 81 530156 
98 15 484299 
89 99 782158 
5 56 418951 
79 61 999816 
64 81 208141 
3 44 626694 
11 8 189026 
28 36 611630 
71 56 930671 
3 97 198313 
18 13 925944 
16 54 999333 
59 81 664246 
76 34 632972 
75 25 263464 
33 54 630133 
8 82 145491 
85 5 702372 
99 5 633775 
26 87 646415 
76 95 415968 
37 96 817321 
32 35 629400 
89 58 337255 
43 2 854990 
4 15 374845 
48 72 942616 
53 76 243387 
2 96 171059 
68 32 915387 
71 85 206496 
67 98 469645 
10 31 256492 
68 14 467595 
4 19 370482 
26 71 453485 
52 66 512677 
87 56 404754 
45 63 689547 
16 12 787238 
32 95 150238 
30 48 995713 
9 29 216932 
21 78 883762 
6 52 985736 
27 72 208584 
64 65 522183 
90 26 8229 
95 30 702079 
98 48 877000 
95 78 287968 
71 37 632898 
7 60 408095 
47 46 844014 
13 10 544693 
39 57 307017 
24 26 53169 
9 33 558123 
64 45 964533 
81 93 44120 
42 75 584623 
53 69 252467 
96 28 883816 
16 24 705133 
95 82 494430 
14 30 17210 
89 67 779924 
41 60 590615 
29 5 37143 
97 64 725651 
67 97 974261 
69 72 647015 
95 85 903478 
33 74 643280 
37 43 136324 
89 95 883239 
73 3 818467 
5 20 758476 
90 35 47087 
11 80 538033 
66 57 279422 
19 33 462796 
71 55 597523 
21 62 112120 
50 31 48488 
26 32 597117 
78 7 564306 
59 38 403430 
72 25 583709 
87 97 729089 
22 58 101703 
41 50 926196 
33 1 967105 
55 60 615156 
30 65 334331 
82 20 673629 
55 39 2996 
58 30 784171 
52 61 957415 
33 97 547736 
18 40 219843 
73 62 894817 
6 25 874034 
82 70 314327 
91 23 317547 
34 31 157026 
86 79 364741 
8 46 927285 
15 51 412016 
67 11 885546 
88 48 675177 
56 66 531708 
38 68 304354 
17 73 422707 
49 40 895783 
18 65 640624 
81 86 326398 
37 27 581130 
24 71 33731 
89 83 244780 
50 64 538554 
16 40 126228 
57 83 209684 
33 3 294334 
7 52 162384 
75 71 975845 
18 88 121558 
5 59 268938 
96 74 962879 
28 14 846445 
13 38 691851 
81 83 430228 
68 5 168212 
56 2 687273 
50 54 753123 
5 35 18351 
94 35 850701 
82 89 184265 
20 81 706419 
63 79 526301 
14 77 249489 
92 62 95041 
11 50 836155 
60 75 163256 
65 80 362432 
31 64 660244 
44 65 985792 
44 86 9007 
2 49 233128 
62 64 198677 
22 62 8539 
13 55 986732 
25 78 921530 
40 24 696504 
90 9 250046 
3 6 30952 
38 30 756940 
9 47 201108 
17 5 828356 
87 10 579257 
51 87 975257 
53 54 768105 
96 88 904224 
54 15 262247 
13 83 70329 
7 8 751240 
73 18 336161 
35 72 714759 
25 43 140081 
45 96 828148 
43 66 843821 
99 30 840175 
68 39 785877 
37 15 945430 
32 19 449901 
31 72 12545 
68 40 431799 
17 53 601569 
99 40 192291 
86 21 613079 
61 57 196174 
52 89 525094 
31 32 244111 
5 91 212092 
84 83 42034 
82 72 277254 
59 20 805209 
72 18 930709 
26 7 507561 
92 42 377778 
10 85 509451 
48 76 272282 
24 38 639808 
3 21 887947 
17 98 907283 
40 4 677923 
61 78 361573 
69 74 267057 
38 96 186678 
14 67 856130 
65 71 25064 
63 4 929058 
7 64 768559 
7 45 844140 
39 2 693422 
22 35 919937 
43 60 761496 
78 35 633714 
51 56 783995 
74 98 401226 
68 96 369615 
50 44 785495 
86 52 530791 
68 4 28072 
78 51 244492 
98 51 822835 
22 30 60616 
90 6 943651 
24 99 699822 
39 65 468739 
47 63 838251 
44 22 394203 
74 52 178784 
20 4 715862 
95 1 103740 
64 87 136057 
64 60 216810 
44 21 682665 
52 18 819434 
87 66 727157 
1 67 293712 
91 27 820268 
14 33 383660 
56 37 394735 
52 44 745630 
26 44 107423 
41 92 43916 
19 18 730682 
12 77 641731 
26 5 440226 
45 90 557031 
24 32 784168 
68 95 990253 
41 90 898545 
1 2 899328 
56 59 327718 
28 58 104052 
98 72 460115 
43 81 23998 
69 15 377848 
30 11 224931 
93 38 47188 
26 47 333359 
97 55 844624 
66 12 863746 
94 52 22169 
67 9 162118 
23 2 517587 
28 56 171643 
62 1 383297 
3 22 308634 
30 74 720269 
54 5 338988 
47 89 404443 
19 25 260589 
29 71 884924 
94 8 235407 
63 30 827413 
42 86 591443 
58 34 658836 
64 63 470570 
82 51 668495 
37 7 875742 
59 27 32547 
96 22 195746 
88 79 31863 
55 57 682257 
92 20 971147 
2 44 776660 
76 21 675727 
80 98 916414 
33 2 898131 
10 58 112749 
40 71 36758 
26 70 70723 
16 11 38273 
17 91 403404 
23 37 600672 
8 83 460741 
91 28 788070 
23 88 84538 
27 67 538470 
18 85 680897 
76 14 739179 
59 97 821775 
28 68 141165 
49 64 554819 
13 45 853393 
58 77 4232 
53 68 808873 
14 58 238358 
77 3 690119 
62 71 749572 
40 74 650568 
7 74 765898 
60 58 196546 
61 76 413472 
45 52 534060 
55 91 509112 
10 3 387092 
60 83 364255 
62 46 252341 
57 28 694071 
8 50 86365 
41 21 313096 
74 71 578464 
68 9 274596 
53 32 251107 
55 1 32136 
62 29 154942 
74 67 441168 
89 86 780494 
51 81 309633 
91 53 268471 
55 9 681900 
35 33 995499 
42 57 632994 
96 30 155940 
70 37 161239 
70 61 663783 
52 83 922096 
24 11 967801 
96 52 766319 
44 54 731070 
36 45 94468 
25 39 852602 
5 16 133173 
72 33 284419 
4 81 922640 
13 49 589898 
34 82 640940 
34 63 756092 
70 59 575087 
82 13 349546 
44 24 903904 
76 13 282132 
75 37 681163 
79 19 878970 
73 96 283754 
84 77 373048 
63 77 634988 
51 32 278155 
92 68 87076 
72 50 13892 
53 40 609456 
62 9 295515 
48 51 716515 
90 53 619055 
87 86 94734 
89 42 911571 
63 16 495668 
92 71 353691 
66 65 612257 
27 38 567544 
40 69 273213 
92 93 136109 
67 6 389220 
54 76 953517 
39 46 448014 
80 9 28172 
42 97 637175 
13 65 61361 
14 29 698869 
98 97 694957 
72 22 244673 
94 34 762846 
55 29 496499 
31 16 705799 
18 26 803022 
14 73 377826 
1 9 434420 
48 80 585589 
77 91 358146 
90 20 769800 
59 46 369774 
57 11 78060 
9 4 544736 
60 54 851671 
53 65 783746 
51 27 493582 
75 31 280236 
36 47 281991 
66 22 920482 
17 59 185096 
81 22 909747 
11 7 823173 
63 3 66954 
59 7 273365 
45 39 389389 
64 43 498631 
84 87 689130 
83 54 775445 
65 5 613210 
99 79 657776 
52 90 854230 
93 62 158848 
25 4 194534 
91 30 538481 
95 88 858486 
89 6 43229 
25 80 565654 
25 59 897167 
97 84 362327 
5 41 920127 
85 45 460808 
45 22 423867 
80 4 501735 
4 29 182310 
70 99 264132 
45 44 968712 
38 76 824747 
22 61 403674 
47 10 424485 
94 1 35014 
83 95 536899 
65 81 984653 
46 84 227924 
70 17 748361 
6 63 581585 
26 63 282006 
2 19 236576 
14 49 210999 
23 13 983298 
33 31 246677 
83 2 312300 
6 87 804460 
62 57 198304 
67 36 48755 
96 67 261468 
63 69 268082 
48 54 569191 
25 23 551429 
53 33 905009 
91 69 322234 
16 78 921981 
69 51 354577 
59 39 782649 
58 50 334141 
77 98 53585 
39 49 872663 
98 8 604434 
77 97 919666 
29 86 540480 
21 67 135984 
17 40 97180 
75 41 358607 
21 57 66998 
21 66 338031 
63 58 219833 
26 22 929131 
84 95 622109 
72 52 744104 
84 48 975380 
61 5 602201 
8 24 318975 
65 51 712653 
29 25 738787 
6 10 778696 
73 12 60292 
42 45 880435 
40 2 773425 
18 83 442812 
85 58 777145 
82 54 84167 
39 60 122273 
23 5 218776 
15 83 864763 
79 27 314230 
56 98 276931 
50 15 580634 
69 17 744991 
41 74 517102 
77 52 656545 
67 10 490875 
96 62 717909 
5 73 957439 
27 68 320279 
65 61 720829 
81 40 72975 
23 69 228269 
47 12 346137 
50 21 957930 
23 27 50967 
42 64 459274 
46 89 619514 
18 95 540747 
38 51 551317 
85 22 731659 
35 95 445861 
85 13 112751 
97 81 357941 
85 96 890183 
11 41 82278 
59 33 318565 
61 14 196736 
77 27 374033 
78 96 476364 
16 38 205588 
11 56 234515 
58 40 461773 
39 75 401040 
67 42 741848 
80 19 115874 
62 95 950166 
50 43 368838 
4 97 494502 
13 25 645256 
55 5 282976 
69 80 470608 
40 50 19414 
7 42 965535 
54 81 598784 
88 89 444082 
76 6 680108 
67 88 739688 
59 15 529455 
52 46 574697 
14 90 461854 
77 67 473377 
5 25 259635 
76 58 87319 
17 87 623354 
79 59 646771 
55 21 950077 
81 74 299554 
88 68 439963 
40 12 981135 
1 46 541063 
68 61 47534 
3 94 132474 
31 55 274946 
95 56 120909 
13 59 169600 
50 45 209943 
99 77 629838 
22 86 718817 
92 8 857343 
10 62 564903 
30 32 648928 
15 24 862609 
95 20 830960 
6 9 682648 
26 89 440776 
44 7 65677 
49 21 70247 
48 3 477338 
14 13 57059 
96 1 973003 
89 44 744439 
95 51 435795 
21 22 429608 
9 66 460788 
46 19 476963 
25 14 444816 
30 35 875455 
44 25 492698 
12 36 182011 
73 29 214020 
49 66 390521 
99 43 49214 
43 17 570493 
45 1 384902 
18 36 200737 
99 12 277761 
99 60 308965 
69 11 620067 
47 73 892684 
61 28 600746 
19 26 553892 
30 29 988213 
79 83 484637 
97 5 646214 
70 13 916037 
62 14 335565 
86 12 622467 
78 79 305089 
91 37 777426 
7 2 807296 
51 84 885079 
13 6 557744 
28 34 594950 
97 60 705711 
54 25 110378 
2 27 715991 
38 89 877515 
66 82 522987 
23 62 189651 
83 76 81352 
2 60 414198 
11 19 38793 
51 12 985716 
25 84 560872 
73 99 863827 
65 92 283932 
81 16 869252 
8 19 970702 
69 26 679225 
81 28 356117 
72 64 95803 
45 81 911513 
50 60 878740 
81 21 61783 
82 21 950584 
13 74 458823 
95 24 298619 
61 32 740080 
22 8 586760 
91 70 576348 
81 44 675871 
9 58 981904 
6 20 957705 
4 7 97629 
69 95 935934 
38 83 504943 
57 99 652317 
72 10 104583 
76 63 246627 
54 36 840026 
80 47 652580 
50 70 755854 
93 27 947922 
16 68 224492 
72 56 61754 
56 69 395182 
26 11 450655 
28 79 807107 
75 36 31677 
18 55 769031 
37 11 999573 
16 45 371426 
68 24 155017 
42 16 48048 
39 18 763272 
52 54 983913 
46 56 46518 
18 87 475084 
86 5 716590 
41 15 727325 
84 91 754875 
73 45 441823 
73 35 277753 
28 23 734672 
41 49 920183 
14 86 363061 
94 20 487712 
29 72 157558 
2 41 367331 
25 91 810868 
29 16 443268 
23 21 727693 
59 77 219314 
17 78 979021 
33 15 765006 
98 61 66218 
23 89 262696 
2 17 998365 
35 26 343052 
54 17 822330 
89 92 440571 
20 79 715469 
89 12 967 
18 33 819079 
49 54 633624 
11 88 959617 
62 12 163308 
91 3 960571 
31 20 828157 
28 43 496481 
87 45 663254 
14 41 481287 
87 23 63412 
64 80 168117 
11 5 628974 
36 17 809838 
17 75 887529 
94 2 619340 
74 17 778944 
53 21 273364 
68 2 611251 
8 51 849083 
12 94 674914 
64 28 267764 
98 93 809891 
83 32 843496 
1 14 763434 
95 96 976860 
20 13 302030 
22 94 486953 
82 48 152169 
65 93 309336 
35 71 580511 
57 27 184824 
36 25 163554 
22 90 538855 
29 1 413293 
11 23 287943 
98 52 370258 
63 51 919417 
50 88 941614 
64 6 124978 
95 80 681374 
74 99 8765 
55 48 880315 
78 55 192501 
5 13 686500 
27 88 108068 
15 53 412645 
3 32 680953 
89 97 342068 
45 56 79713 
96 20 640337 
93 91 3028 
22 63 609591 
51 58 758164 
38 18 589356 
40 79 991716 
61 35 515306 
93 59 384222 
59 48 471746 
4 35 485859 
68 94 774103 
49 7 228231 
64 86 360125 
41 77 455896 
96 11 357694 
23 92 347823 
38 53 889111 
84 17 560910 
5 60 958339 
3 89 899616 
21 73 244828 
56 7 369974 
62 19 288006 
63 75 499415 
74 70 552202 
4 11 660584 
96 15 664536 
84 73 246401 
29 75 594438 
1 38 826489 
15 5 725684 
38 17 31819 
26 14 525886 
66 13 732572 
62 83 585214 
27 34 964994 
34 66 885291 
16 34 824347 
96 3 508597 
7 77 698577 
46 79 3446 
99 4 657439 
47 52 637968 
82 50 72399 
31 1 538273 
30 60 190967 
81 57 65806 
15 11 283604 
52 53 316042 
24 7 566766 
13 60 729618 
32 55 378515 
27 17 342226 
72 14 52537 
14 27 727336 
77 70 822459 
99 42 827243 
73 87 460154 
83 23 923885 
52 75 720369 
75 80 988074 
94 85 470394 
94 90 188386 
12 64 671058 
15 18 163400 
58 82 536140 
47 45 826241 
81 70 641185 
93 9 48998 
30 66 584120 
48 99 205583 
80 22 659793 
51 79 487431 
90 36 928609 
2 5 518981 
5 47 40744 
85 65 249854 
50 38 237964 
70 23 956192 
65 33 911661 
24 25 947280 
89 5 233332 
59 60 671848 
88 32 812568 
69 14 657098 
90 51 269138 
48 11 953363 
30 86 415945 
38 29 174874 
36 3 568385 
5 28 177648 
12 23 55504 
94 78 781542 
14 91 237729 
16 19 570928 
90 28 556478 
42 53 902847 
58 19 589983 
5 66 236601 
56 94 318408 
11 91 160882 
25 76 207878 
57 88 29306 
30 6 858825 
76 75 440940 
21 58 336571 
90 82 662397 
79 29 864952 
91 75 599687 
89 63 298243 
37 39 588711 
11 70 301141 
20 69 993763 
11 95 539819 
78 11 226986 
95 81 917143 
25 16 711916 
39 38 474377 
84 11 287790 
75 68 646961 
62 33 396248 
27 52 437038 
72 93 931467 
89 31 883849 
54 85 913263 
71 73 997359 
93 13 463060 
76 29 410752 
63 33 600231 
56 39 821794 
54 65 105593 
53 47 627372 
54 80 481682 
40 90 621614 
65 60 247296 
88 91 547388 
23 72 614266 
50 33 933586 
52 16 314087 
82 76 692881 
58 74 454923 
52 64 164320 
72 37 416607 
65 25 844558 
41 58 581602 
65 68 976611 
20 78 289571 
29 59 949163 
10 30 337866 
40 7 297977 
96 64 648064 
49 78 72104 
98 49 232923 
20 10 203902 
36 19 443324 
77 17 780057 
95 43 387799 
87 92 335402 
72 1 217045 
43 13 207281 
86 2 136758 
41 37 465579 
14 63 287876 
21 10 655059 
80 21 193450 
93 80 746291 
70 84 726376 
29 36 389267 
97 70 11372 
12 60 477834 
23 86 597921 
36 41 202595 
47 31 632337 
68 97 246386 
64 10 58082 
16 83 158384 
69 31 980320 
56 81 2437 
16 32 16071 
81 38 290918 
2 18 376506 
49 10 906838 
58 49 412407 
23 39 635414 
63 72 326216 
66 98 510576 
78 39 460415 
10 15 189180 
19 67 486561 
60 17 6155 
3 11 264054 
23 55 529650 
34 68 744476 
54 32 496790 
59 83 49383 
56 63 532423 
62 38 571033 
22 41 734629 
93 69 881785 
89 45 790513 
70 28 310964 
11 10 365956 
12 91 812225 
26 8 466712 
84 79 487022 
92 17 582759 
89 85 790639 
7 36 76664 
10 36 332979 
94 69 709875 
76 93 6657 
69 52 256525 
3 12 401366 
68 77 546611 
73 15 383616 
91 40 89582 
39 31 790888 
26 49 376343 
94 72 866243 
68 50 449153 
60 32 146140 
20 38 971489 
56 19 160529 
76 35 562289 
39 73 820013 
11 42 525286 
38 6 558895 
3 79 864447 
66 84 856995 
81 77 9491 
17 42 975025 
2 93 269826 
82 7 664906 
81 39 230709 
28 30 599478 
22 11 108962 
26 84 738304 
63 5 380107 
97 29 11558 
89 32 141839 
48 25 104035 
67 25 302029 
60 33 258828 
51 14 575514 
28 52 114740 
63 80 557573 
64 82 278346 
74 22 643642 
40 66 446635 
82 24 601119 
82 3 593483 
8 12 491618 
72 34 470440 
64 40 292138 
58 18 816770 
66 70 402399 
46 96 691162 
75 8 53784 
17 16 827652 
54 98 847835 
17 3 586521 
97 9 284103 
26 20 842994 
27 56 661557 
50 86 312713 
99 82 714227 
8 32 399461 
29 12 41133 
27 13 208316 
93 48 5302 
32 14 738197 
54 22 682008 
24 69 90800 
71 18 218176 
92 4 553353 
68 51 470939 
1 75 146049 
30 81 77714 
93 34 993563 
89 14 965898 
80 73 287931 
68 62 569444 
22 52 568531 
98 24 783033 
14 6 700417 
22 71 104737 
84 6 960341 
6 83 515913 
6 26 575226 
43 5 533013 
95 53 238560 
65 89 963020 
85 51 220204 
50 83 724765 
16 64 478528 
44 47 164726 
96 9 973988 
85 37 415197 
42 91 784173 
40 35 523383 
36 93 684705 
55 59 124168 
1 3 528951 
12 37 781551 
74 95 394962 
94 10 722502 
98 75 2991 
80 49 259505 
77 74 706152 
33 73 683602 
54 58 189747 
61 60 97097 
78 1 46936 
43 58 76152 
83 61 890733 
60 91 857126 
24 64 956285 
98 43 188752 
28 35 981467 
24 90 402220 
25 35 307339 
71 59 143807 
22 43 819527 
36 70 826104 
95 50 413034 
5 58 215177 
31 70 580243 
74 61 785886 
70 41 246776 
82 38 92314 
57 58 530939 
73 66 782865 
68 44 411849 
12 45 475655 
30 53 462922 
70 93 101893 
33 77 953356 
37 80 495715 
42 65 541110 
69 73 138260 
76 67 250547 
60 6 393702 
74 50 700479 
55 94 419448 
42 74 699595 
43 89 964346 
71 1 620540 
59 9 182795 
7 38 633664 
86 56 4741 
71 33 593046 
51 17 762497 
74 45 695984 
88 87 112650 
19 81 924461 
70 12 341424 
61 6 285720 
36 31 777616 
42 47 110730 
46 40 519874 
8 52 776564 
6 37 627797 
68 6 241821 
26 74 758177 
98 6 56168 
16 95 882296 
89 56 544895 
98 7 148909 
86 65 565700 
46 10 382558 
70 32 598028 
77 46 626188 
76 7 918328 
59 36 411981 
75 74 823316 
91 71 577075 
99 47 357318 
20 71 225061 
88 65 767635 
93 42 969106 
80 90 459023 
25 37 443328 
2 22 404731 
2 12 263895 
61 17 243955 
88 80 584198 
54 73 550796 
48 70 481221 
52 42 13371 
16 2 174501 
99 8 505546 
58 66 73556 
68 29 335301 
43 8 918648 
47 25 193857 
74 59 418028 
98 27 217971 
68 67 867752 
76 15 398836 
58 55 197554 
70 45 46541 
64 91 518409 
18 42 570204 
40 89 774049 
58 27 701897 
55 47 288166 
30 24 201947 
31 46 604524 
11 89 824720 
90 13 584369 
14 64 511802 
11 81 832047 
95 73 569637 
38 58 460150 
34 32 455789 
66 91 526644 
37 8 967601 
73 90 481003 
27 46 377251 
67 84 812511 
75 96 593547 
39 63 162094 
51 21 906243 
24 21 583091 
49 5 13297 
2 8 93291 
83 21 421975 
10 96 311283 
6 71 312507 
9 94 412412 
13 12 579129 
1 52 737302 
36 30 277281 
95 52 874394 
84 2 347804 
56 21 903073 
75 66 951275 
25 2 287509 
91 9 522427 
42 73 960192 
19 10 724058 
61 56 334896 
77 9 315374 
70 95 787410 
55 54 846322 
55 99 759162 
47 96 548451 
70 76 622637 
17 22 532043 
58 71 75335 
88 55 626553 
43 82 18422 
47 81 47450 
58 88 813203 
36 79 112864 
15 56 576094 
83 53 838936 
6 80 216901 
93 52 513052 
84 49 383876 
77 5 61506 
87 50 1422 
66 28 332879 
97 58 697376 
49 86 198680 
55 4 544706 
19 42 461704 
5 18 205390 
84 15 867616 
27 42 618596 
14 59 90830 
87 34 548609 
11 93 106779 
49 77 462739 
41 94 648915 
90 56 575630 
26 56 779705 
44 11 201531 
28 33 755451 
72 41 844538 
63 55 299207 
70 53 804227 
2 32 360238 
94 91 875177 
17 7 840994 
65 27 559425 
90 62 225998 
91 8 915618 
4 47 371551 
67 39 822002 
48 85 543998 
61 69 461707 
45 53 607411 
60 90 679987 
64 89 205902 
12 82 272749 
48 49 302009 
61 50 112179 
61 41 359676 
27 4 321464 
16 89 609100 
4 93 346934 
14 23 192891 
96 32 154992 
33 10 688298 
19 31 582760 
9 18 547955 
79 74 323872 
4 94 585711 
48 5 528058 
29 95 409336 
42 90 736795 
96 6 110564 
56 84 313248 
98 3 536036 
39 95 115237 
92 39 644692 
16 56 398594 
49 4 492919 
80 87 894155 
79 8 273400 
89 41 746918 
45 55 139865 
89 37 900493 
73 57 747885 
3 15 83733 
86 84 880069 
97 24 140050 
98 38 421915 
6 99 374711 
92 58 247271 
49 79 351969 
22 50 342919 
10 74 643744 
27 40 339000 
40 80 878320 
54 11 12431 
82 87 31236 
54 42 445978 
29 81 649610 
35 52 848320 
28 86 974659 
78 8 493995 
2 79 511325 
89 36 94758 
69 3 275919 
92 86 313543 
27 31 725844 
78 23 264332 
77 78 123910 
63 60 147893 
14 95 565224 
55 73 149460 
7 69 227395 
11 33 63990 
78 90 961797 
62 45 693839 
47 34 262267 
43 67 48882 
87 41 184027 
18 90 716624 
69 35 506708 
51 72 488729 
12 10 962215 
58 31 791331 
58 75 449933 
95 48 645956 
86 88 246979 
97 43 209049 
6 5 343172 
73 25 109183 
30 79 699057 
76 92 656704 
62 53 780785 
6 95 768638 
89 81 418287 
78 56 139188 
98 76 301339 
39 4 411912 
96 48 310591 
82 26 647054 
5 90 174359 
76 69 329876 
6 49 188121 
85 63 399820 
15 67 358873 
59 11 83245 
15 8 11860 
40 73 818069 
71 27 788004 
78 88 912982 
38 57 112637 
69 28 103925 
12 81 154685 
87 63 856123 
97 94 357456 
52 4 329731 
4 54 6740 
31 42 187024 
47 86 321572 
97 36 196948 
29 3 696306 
32 27 71008 
45 60 949134 
57 85 233583 
82 22 100671 
12 30 41765 
14 31 631126 
12 97 320458 
87 20 658926 
12 11 35929 
11 36 894912 
97 2 713704 
51 34 975586 
32 1 835412 
27 62 599338 
34 25 77853 
9 41 673313 
62 85 102143 
12 59 222681 
71 42 563150 
84 35 541880 
9 63 51962 
22 53 198328 
51 45 784917 
15 2 802891 
2 31 298388 
61 33 116060 
81 94 632236 
71 47 969806 
78 50 983647 
41 17 594352 
57 63 643534 
9 71 769701 
24 84 197682 
6 33 340061 
57 14 565556 
41 91 731919 
57 64 764952 
86 32 112322 
42 9 282631 
55 56 44207 
30 41 152914 
77 83 60059 
59 3 319484 
48 27 399641 
19 34 483633 
39 36 553242 
37 95 159103 
98 2 673841 
49 67 970610 
44 8 101706 
15 92 833859 
44 23 627085 
53 86 448845 
39 94 295254 
78 72 216516 
52 21 707970 
7 31 820844 
18 41 889677 
20 36 439291 
31 4 128647 
35 1 919300 
84 14 739294 
1 87 693103 
13 16 564666 
47 30 125549 
38 92 485998 
56 20 610659 
94 23 227939 
92 54 851530 
22 99 386929 
2 99 136377 
8 21 711207 
50 5 480122 
80 10 160697 
32 25 217479 
26 65 190393 
88 19 648893 
66 2 257654 
98 90 801293 
8 85 572325 
51 22 704636 
64 70 215632 
65 62 216270 
1 18 298250 
2 95 802846 
48 78 735664 
9 98 38620 
50 63 476031 
41 98 64825 
90 3 811950 
88 20 685533 
47 77 514336 
61 80 688438 
40 77 562375 
33 42 613398 
99 49 333391 
38 46 45830 
47 3 305910 
48 77 241638 
15 77 181132 
34 18 708529 
1 43 442373 
64 95 930685 
50 6 226883 
97 14 79257 
17 30 501247 
10 32 404341 
25 68 568475 
85 98 456089 
81 76 847624 
73 64 358158 
27 3 205727 
63 28 285590 
35 41 957239 
95 58 624363 
99 87 734563 
89 22 332926 
45 26 327158 
72 32 645345 
26 85 745974 
75 99 132292 
9 45 170705 
8 95 745633 
28 7 142338 
54 18 579149 
27 90 920810 
42 32 315067 
41 71 515835 
98 28 688013 
89 73 13488 
55 7 953584 
62 42 937739 
72 75 23275 
95 25 359162 
67 55 273007 
29 85 54426 
60 52 157716 
79 70 808963 
10 5 919116 
30 54 872572 
59 58 977602 
95 19 669568 
91 36 844710 
43 69 130043 
50 80 21975 
17 50 699523 
45 54 824369 
87 47 648952 
44 12 899740 
43 56 661670 
86 60 837331 
99 20 945679 
70 9 611764 
32 46 31761 
1 90 606028 
52 30 258013 
40 96 246919 
16 88 560121 
77 71 965613 
88 46 716672 
77 69 554434 
85 92 584790 
15 13 5513 
74 18 663333 
34 23 707761 
92 83 852962 
80 38 607148 
73 56 300334 
99 68 225028 
39 15 759744 
1 5 793411 
14 43 439958 
30 56 131255 
56 82 793222 
76 10 467861 
67 99 792735 
95 38 471923 
7 30 983614 
23 71 6390 
38 72 91350 
83 19 555817 
92 25 589645 
97 15 475463 
12 26 535805 
97 56 426830 
57 7 775381 
98 47 966909 
35 49 722 
16 71 681974 
44 5 42612 
6 94 870068 
24 37 578784 
66 38 715476 
52 78 437890 
66 35 49077 
37 44 472356 
23 85 432555 
47 54 61018 
24 47 395405 
71 2 34135 
49 44 228287 
97 45 265666 
87 79 782892 
9 25 864917 
28 73 819588 
80 33 102853 
33 86 106210 
23 30 881157 
63 95 199495 
35 42 751090 
69 44 750739 
82 93 276760 
16 84 587766 
12 5 369577 
37 54 670927 
56 48 998883 
28 20 499045 
20 91 790251 
72 99 709822 
80 71 992305 
40 88 229363 
25 31 53072 
82 68 504683 
68 85 397484 
84 43 215669 
67 83 105121 
31 44 474362 
97 19 203942 
46 78 802976 
30 76 247712 
58 48 719857 
63 61 892816 
70 27 508275 
60 19 656533 
86 20 791113 
93 88 356771 
30 19 457639 
95 41 632900 
81 48 502938 
65 78 28515 
89 72 911220 
40 87 263763 
90 48 680585 
79 14 781486 
9 30 54503 
40 98 459186 
23 17 920139 
34 80 154262 
53 63 619504 
47 74 545118 
96 4 615569 
17 56 318700 
88 92 782553 
91 26 504101 
47 90 311408 
9 14 319951 
65 40 653982 
59 49 36018 
82 62 458607 
16 37 693658 
52 55 762203 
77 72 840289 
86 36 987984 
56 74 948872 
75 22 739352 
82 57 343850 
70 90 237280 
46 12 17106 
98 20 15831 
69 86 209721 
46 93 459218 
5 38 264587 
76 2 627787 
66 24 303054 
80 29 574246 
57 12 268848 
81 15 485141 
99 80 852261 
90 50 595007 
91 98 124160 
56 96 628557 
65 55 507757 
16 66 263303 
90 4 753846 
17 48 840122 
53 59 105587 
2 21 485586 
32 29 107473 
24 70 903099 
34 43 927734 
45 18 15517 
61 18 32839 
58 6 412146 
25 51 402025 
77 54 960456 
94 61 650948 
20 85 151636 
82 23 367958 
58 47 260703 
45 71 954843 
54 31 667315 
59 90 694661 
24 59 596410 
77 61 61200 
53 23 429043 
96 60 600593 
95 90 162370 
5 46 25211 
1 89 107146 
66 86 460209 
73 86 38700 
93 61 73263 
73 81 390764 
62 2 161965 
54 41 987371 
62 50 609949 
36 83 595231 
99 94 295447 
13 3 422971 
94 21 612913 
3 8 387925 
78 57 684134 
15 82 986433 
16 27 259101 
78 98 802364 
60 31 935352 
40 37 30060 
47 59 526587 
33 29 741801 
41 96 190301 
97 75 228817 
86 78 181678 
71 3 683447 
26 76 399923 
24 33 893815 
66 50 525931 
5 9 966517 
80 82 433855 
27 60 286013 
46 50 767624 
47 28 749839 
61 31 154953 
22 84 62322 
42 85 528532 
87 43 212751 
49 30 457176 
79 6 51381 
32 17 954251 
68 7 759357 
91 31 487326 
6 92 593981 
25 87 657849 
30 75 165580 
55 64 625105 
18 89 706645 
76 36 588060 
82 28 607232 
14 85 423829 
31 99 642737 
29 41 719070 
42 56 823480 
75 78 411640 
50 81 567413 
5 64 628380 
93 10 806636 
1 21 580551 
6 17 241466 
1 56 633531 
68 54 656727 
23 58 396599 
84 21 612580 
7 39 377460 
45 84 290056 
80 76 761174 
17 90 177570 
53 14 513615 
93 87 124528 
71 19 838020 
42 84 189753 
38 37 975812 
17 11 611766 
78 99 562905 
7 91 761980 
94 73 74940 
99 23 677001 
18 20 162587 
97 65 657790 
37 29 978154 
83 71 409616 
60 26 398361 
74 11 962303 
36 1 797752 
18 4 672532 
22 5 413164 
43 63 239208 
55 3 165157 
7 70 69442 
3 60 724673 
61 92 635840 
27 19 223299 
60 4 977787 
46 54 207269 
28 1 335269 
29 64 419241 
74 93 643463 
73 52 865567 
33 82 114757 
12 83 653167 
47 15 572719 
97 21 624597 
65 19 668780 
15 70 176128 
54 75 85140 
41 85 459729 
68 20 637487 
53 49 862877 
91 87 809689 
85 61 276058 
99 11 224171 
39 82 205486 
1 88 255233 
26 61 739983 
21 36 381734 
34 53 469839 
61 24 119238 
4 13 364448 
3 99 547041 
11 18 883754 
62 99 287551 
4 72 123895 
99 86 785401 
34 57 828811 
50 57 523000 
19 86 246462 
68 79 916680 
60 71 119494 
15 49 178744 
70 54 993682 
81 96 724958 
38 87 786827 
70 80 776677 
97 74 8664 
49 33 216521 
94 79 382030 
30 80 448245 
56 32 281379 
2 37 630376 
45 67 749125 
35 53 645164 
27 76 554049 
25 93 875885 
87 2 462321 
3 65 491342 
81 33 606053 
49 60 383791 
26 46 994488 
8 80 68199 
63 44 929277 
40 84 81690 
1 15 389506 
91 21 215089 
40 8 875038 
44 32 49538 
43 33 852137 
94 30 1309 
28 44 788473 
37 61 201458 
44 74 169247 
7 89 627203 
35 79 578079 
30 20 415083 
36 68 399914 
65 76 962234 
91 2 683096 
40 38 156066 
66 78 402729 
27 24 589875 
99 19 918717 
77 29 171449 
20 84 519499 
14 44 60528 
24 53 80438 
7 67 942583 
12 58 843508 
1 50 544106 
66 81 233607 
46 43 419484 
12 53 611041 
12 42 872435 
68 46 266749 
26 39 508028 
10 95 852130 
72 28 161128 
53 39 279602 
79 11 695797 
27 11 243991 
98 32 326870 
37 18 254553 
45 94 945437 
17 12 396277 
91 33 463762 
10 26 431686 
57 23 919613 
31 8 227405 
65 69 299836 
54 27 578459 
74 88 86359 
72 11 623887 
24 2 491117 
10 28 507455 
90 79 212983 
47 32 54466 
85 43 420824 
47 88 571783 
77 87 426029 
18 48 801476 
15 19 119967 
81 18 290449 
23 7 234172 
4 56 974385 
40 20 440415 
17 1 194321 
52 81 293505 
53 85 175145 
72 12 788058 
41 33 369151 
48 86 931972 
29 35 764805 
26 50 541182 
34 44 770969 
87 49 12040 
94 28 275401 
3 74 166249 
74 37 738117 
36 96 428712 
75 9 933480 
48 57 671962 
53 20 940063 
70 29 333493 
75 86 931776 
83 87 286172 
38 97 471339 
20 55 700664 
22 67 498241 
46 36 324941 
77 34 932277 
23 41 587204 
29 6 887738 
25 88 917191 
83 25 68038 
60 18 146201 
46 73 768921 
64 35 730083 
79 45 856379 
62 75 999907 
57 53 867380 
37 60 379690 
39 41 675240 
42 37 97932 
91 13 813562 
65 37 719518 
20 33 17703 
27 66 804188 
45 59 947497 
45 93 858012 
4 46 776367 
86 40 754041 
12 18 854129 
93 56 315552 
17 85 169274 
20 34 699490 
69 41 901396 
38 23 843102 
50 71 615818 
68 91 795653 
6 56 665013 
39 71 119620 
71 51 131359 
27 41 380289 
67 58 342851 
4 41 820434 
57 94 288986 
99 52 515517 
69 13 665854 
92 56 170410 
70 63 754855 
2 59 107050 
78 64 86385 
66 55 848803 
57 79 812880 
22 14 241517 
51 75 72886 
68 19 960687 
39 74 830578 
19 94 303192 
65 28 772151 
64 66 19412 
26 55 416637 
10 68 87420 
76 96 928336 
12 67 440854 
56 23 505653 
94 49 445227 
78 29 310458 
71 57 595593 
46 82 808911 
20 57 11853 
42 40 979465 
22 77 322155 
56 41 726068 
1 49 606144 
6 53 68448 
47 67 197335 
6 59 116221 
50 18 221478 
47 48 336464 
82 35 483031 
85 90 532830 
60 28 570308 
83 70 560026 
74 83 67996 
71 13 293045 
89 57 534534 
88 13 839827 
28 75 46293 
28 32 710627 
9 26 922269 
15 95 74725 
72 44 50945 
24 74 502444 
57 29 309561 
35 27 608010 
70 10 704772 
87 22 964179 
94 60 428660 
16 69 440997 
26 66 996156 
58 13 370372 
24 9 694906 
76 66 574302 
84 44 346842 
34 92 206790 
78 70 674773 
90 72 279372 
14 20 870499 
75 79 117223 
44 39 591488 
62 69 409767 
53 87 364243 
23 63 554041 
65 38 505541 
98 18 763028 
26 96 140644 
96 49 481844 
70 43 148165 
57 74 101968 
12 9 622649 
4 34 476721 
93 32 90709 
98 39 528011 
3 83 230279 
83 39 603584 
87 15 938582 
75 53 825302 
50 23 307751 
24 22 17296 
64 88 868729 
39 88 540353 
76 55 107773 
10 71 688838 
29 89 897882 
14 17 785703 
4 51 733382 
33 38 244363 
30 72 566133 
13 33 820323 
11 25 627063 
71 95 838220 
74 48 12805 
16 14 777782 
25 70 274786 
57 52 303410 
3 67 850011 
78 10 403282 
76 79 875247 
52 56 863583 
72 8 822921 
84 61 334799 
46 41 850452 
50 10 498872 
2 63 170431 
90 34 720999 
9 51 888890 
97 99 763966 
37 84 340233 
85 49 63315 
94 13 531367 
29 26 422586 
73 88 645458 
30 73 608608 
98 44 967451 
69 12 416171 
5 51 919863 
3 2 493218 
97 82 542565 
88 15 433544 
84 33 820284 
4 69 459290 
22 15 45956 
65 52 769609 
6 86 931913 
97 31 982787 
66 94 514845 
18 69 561587 
37 79 950671 
63 90 262016 
36 64 655808 
31 86 521253 
7 72 981648 
70 67 216366 
27 95 803839 
17 64 957366 
90 66 41397 
80 16 985065 
6 88 127653 
74 14 384471 
82 60 160863 
42 28 287800 
5 30 391107 
41 34 340462 
73 63 748921 
73 92 850201 
14 42 350279 
79 31 134454 
83 63 527172 
77 82 358143 
64 74 504520 
55 38 873472 
82 14 203520 
27 12 952277 
44 46 486695 
76 1 42345 
93 67 136939 
46 86 149616 
75 47 580407 
92 91 911455 
83 41 690279 
74 82 285881 
75 65 448612 
63 67 829331 
70 75 837915 
9 35 162471 
40 61 972521 
52 31 437997 
89 35 696813 
76 59 530473 
98 5 270388 
77 80 18844 
53 48 383713 
40 72 239808 
63 7 781910 
29 96 750333 
84 27 997689 
76 89 784391 
18 84 725383 
45 61 231730 
4 78 999643 
83 1 920601 
79 33 536846 
41 28 867655 
8 48 865866 
27 81 640538 
35 92 536832 
86 26 789506 
46 28 169671 
90 49 469314 
85 36 265624 
64 53 257 
3 5 385307 
21 17 958749 
35 88 380293 
62 63 704017 
43 65 519458 
60 51 940865 
83 48 184503 
51 83 810730 
30 34 446404 
85 39 47238 
19 91 303013 
18 47 207471 
69 32 684435 
34 7 799568 
46 35 430398 
9 48 391764 
20 75 92702 
37 98 844068 
92 50 967327 
22 31 266684 
82 65 785657 
8 29 377687 
65 91 67857 
54 74 955046 
38 52 635406 
55 14 777560 
11 64 565620 
3 43 679146 
62 18 808174 
41 66 307338 
40 67 605100 
3 34 800147 
47 37 66601 
53 96 957235 
19 41 122148 
51 70 778210 
10 82 178935 
21 61 930870 
97 32 361002 
50 47 239579 
59 18 89890 
12 93 888261 
84 98 750409 
52 33 214795 
20 46 710337 
67 32 444389 
87 7 359711 
80 55 350258 
5 24 756861 
55 22 80299 
32 82 684190 
46 71 915478 
71 67 52364 
38 79 706876 
82 81 493953 
27 61 459691 
93 96 825189 
62 40 112252 
53 99 838465 
74 19 705923 
62 15 732942 
93 97 63 
24 88 719907 
80 62 392239 
46 42 697978 
61 1 777466 
44 13 182844 
29 66 707182 
5 34 800300 
18 76 203223 
96 44 553011 
41 47 176352 
3 42 406808 
14 21 797467 
89 94 682370 
93 30 692625 
83 29 803612 
83 66 575165 
6 12 818958 
90 37 340475 
40 26 144346 
36 15 973027 
88 22 907159 
50 3 275385 
44 73 376334 
31 3 12060 
93 8 490988 
11 68 63216 
93 54 925387 
12 85 761279 
87 5 892718 
35 68 540567 
25 8 444377 
57 4 984231 
38 61 171621 
79 21 906062 
77 25 300564 
62 4 750034 
74 38 41108 
7 62 361517 
20 73 683117 
92 46 224293 
69 68 551682 
89 98 848040 
45 29 440876 
41 86 363013 
83 45 580959 
66 97 300595 
1 47 446501 
83 5 453349 
81 13 788969 
59 37 465034 
14 37 4243 
66 11 978387 
57 5 176616 
18 51 550792 
4 88 815949 
18 30 465657 
78 24 541376 
18 79 810390 
92 94 788941 
99 15 301929 
57 67 517150 
64 1 790475 
52 51 796758 
74 36 248362 
37 50 349722 
90 44 355466 
12 38 823520 
20 97 87701 
88 21 313483 
7 93 670862 
81 49 820706 
48 39 554763 
61 96 466076 
58 84 488080 
57 69 302854 
3 87 640046 
63 24 983340 
62 81 742788 
41 67 417043 
21 5 601907 
24 83 102834 
7 96 387499 
76 4 746415 
93 44 590590 
86 91 562512 
85 21 362545 
98 36 806901 
21 48 592601 
16 65 318258 
2 35 134125 
39 91 914042 
59 44 258938 
44 48 993311 
47 49 391450 
1 10 282216 
91 34 897947 
92 79 894016 
44 9 292762 
89 80 986164 
84 39 839188 
31 24 186609 
70 34 86112 
40 92 280668 
23 54 554479 
13 7 960948 
9 27 574628 
9 54 286513 
55 96 527324 
77 39 837456 
33 26 435477 
59 22 193552 
1 57 812980 
65 36 173630 
55 35 506757 
95 72 765139 
42 24 377089 
60 93 359754 
70 6 828914 
17 66 120286 
57 33 274042 
56 57 592625 
37 69 772504 
75 24 963542 
36 58 138812 
42 50 105152 
16 77 149326 
30 69 224590 
93 83 414092 
61 11 767694 
85 38 437395 
48 67 396109 
34 59 262623 
44 88 715851 
42 26 572541 
34 50 191428 
48 66 822867 
23 45 954284 
14 35 540877 
24 34 402560 
10 99 385553 
21 40 210827 
37 21 592967 
96 50 875277 
17 45 886281 
8 97 590700 
52 19 725872 
8 96 77911 
41 26 419330 
56 25 254153 
82 86 842572 
44 85 546207 
61 87 726342 
12 50 996001 
54 63 247119 
49 34 160918 
43 62 266022 
9 2 413217 
61 19 121585 
39 9 122812 
72 3 877830 
86 85 136067 
40 25 906273 
38 41 933439 
3 56 70462 
56 68 551938 
58 53 925033 
13 57 35705 
15 43 932713 
89 34 182895 
21 28 371087 
89 33 462706 
15 85 860635 
96 34 429548 
42 49 624130 
25 22 548441 
87 48 372212 
87 75 479430 
57 10 3496 
59 54 991093 
31 67 36518 
33 37 934738 
1 7 494190 
61 89 795600 
82 40 908629 
11 38 817270 
13 96 571856 
28 22 807773 
23 6 222304 
90 61 704800 
30 67 86228 
46 70 866882 
98 50 341705 
81 72 158018 
35 96 677615 
63 37 447022 
97 90 709720 
12 87 180640 
93 75 805803 
55 37 218222 
33 95 482728 
19 69 956794 
63 38 980630 
6 8 42495 
94 82 501385 
71 30 942636 
12 74 18898 
84 10 222972 
38 35 451202 
2 42 425965 
71 98 979253 
73 8 666159 
96 14 965650 
58 1 856035 
43 26 818977 
97 96 465469 
45 88 963372 
93 18 343606 
98 83 768189 
67 5 371728 
9 31 615706 
78 74 340596 
39 99 781089 
87 21 701904 
59 52 145394 
66 72 954279 
35 58 408427 
24 43 537477 
42 34 139125 
17 79 207485 
14 54 551199 
96 69 491309 
41 24 29573 
25 21 335901 
58 78 925245 
65 77 522351 
21 70 658676 
8 59 639221 
58 73 604045 
26 30 765658 
79 56 104720 
92 53 290887 
99 17 206173 
6 78 344378 
99 21 331250 
16 10 647490 
2 29 664515 
75 55 420887 
93 20 549627 
31 15 660824 
94 76 563012 
83 68 860497 
87 69 943981 
71 68 552169 
61 13 102038 
52 49 504274 
10 52 975879 
47 69 963231 
38 77 422123 
87 39 735028 
5 69 456773 
9 61 220608 
65 74 473147 
57 90 260852 
29 10 76740 
78 9 333545 
48 61 433810 
82 55 269141 
60 1 869844 
79 95 713390 
97 53 906676 
62 67 680363 
81 42 213161 
10 91 347576 
58 3 916368 
69 79 18114 
79 5 348770 
33 16 74163 
4 43 412810 
13 35 947255 
41 12 507635 
79 47 660319 
88 52 594564 
12 79 620065 
90 32 768514 
40 5 63279 
27 26 767558 
1 70 642120 
23 32 394250 
6 27 944246 
47 70 381101 
36 9 452322 
57 6 566721 
14 70 877156 
87 32 559168 
83 22 927643 
89 53 331294 
33 21 292719 
76 11 358802 
23 81 299433 
53 2 933264 
55 68 85410 
91 63 995553 
6 54 476864 
21 71 570406 
92 97 337934 
40 70 796598 
72 55 773584 
12 22 35378 
14 39 913799 
13 24 288444 
32 78 76230 
72 85 66594 
23 95 220995 
52 15 146506 
86 71 331685 
88 72 429954 
65 67 891765 
84 69 804734 
89 24 599399 
63 98 374584 
65 73 369098 
97 72 760405 
25 38 10401 
69 34 203302 
79 24 152235 
86 45 552702 
36 82 506023 
18 57 920830 
45 66 69754 
16 51 512837 
93 71 70892 
36 5 827044 
73 48 94048 
87 37 269109 
47 27 438952 
2 82 962622 
52 84 921753 
89 78 701052 
62 61 245503 
49 95 565180 
70 20 675625 
75 16 451552 
11 75 165326 
32 7 472512 
47 60 286971 
73 60 867884 
46 37 636612 
98 23 507451 
14 98 712222 
91 52 868385 
53 1 98684 
25 99 643635 
43 32 162041 
68 21 331930 
81 34 341998 
90 96 674293 
96 80 442385 
76 3 304826 
34 52 695243 
69 88 806371 
58 42 42368 
14 5 761464 
99 41 726515 
21 77 17015 
9 52 255721 
25 62 490605 
63 52 200925 
60 21 794824 
30 57 855923 
42 78 142628 
53 26 301499 
51 10 815588 
68 98 994289 
44 27 222465 
26 17 703534 
12 71 161320 
22 9 255232 
98 26 466393 
16 96 199329 
28 31 634324 
74 1 20799 
32 49 863719 
58 98 955863 
21 19 947038 
74 53 583618 
60 10 304841 
22 27 607111 
42 68 812714 
74 43 898212 
21 39 803982 
97 46 459478 
1 40 376446 
84 78 735548 
13 46 733288 
26 59 330042 
66 60 35623 
79 98 996636 
71 14 1996 
25 28 599122 
99 90 289140 
21 95 434172 
1 27 742744 
73 67 595002 
92 24 78303 
96 89 49665 
33 12 191354 
75 15 704289 
34 17 804303 
19 1 55144 
19 57 876066 
38 21 639596 
75 7 615326 
43 31 584429 
22 10 800209 
18 99 577076 
85 55 767847 
77 20 92963 
52 71 288684 
85 70 318616 
45 8 320565 
91 49 470790 
93 78 503626 
13 98 987262 
81 14 364762 
3 92 506891 
85 84 650851 
79 4 902139 
11 21 827799 
26 75 560594 
75 92 481032 
63 17 652566 
64 26 991479 
59 87 464792 
49 63 798438 
94 27 255772 
59 73 196040 
80 74 754745 
89 66 140094 
78 22 205321 
10 88 280621 
15 55 353867 
17 35 213379 
97 50 814611 
72 86 507521 
98 25 393225 
75 46 615142 
78 26 828166 
11 1 484162 
49 73 849282 
26 97 870683 
19 72 902289 
66 62 978466 
14 66 14184 
79 91 552373 
44 56 32928 
86 95 501860 
43 41 725347 
20 23 878933 
23 4 82774 
29 65 222894 
90 46 564297 
72 96 659612 
55 95 73767 
21 65 202818 
91 54 924843 
66 7 183710 
97 30 60785 
31 78 341965 
99 46 796954 
15 25 892744 
61 4 27204 
77 23 914513 
34 9 141484 
74 92 568059 
21 12 551326 
31 73 484677 
79 65 626011 
85 30 79087 
4 30 366666 
89 69 714291 
18 6 815079 
42 44 198670 
45 69 402200 
75 14 891149 
65 8 680863 
46 64 186433 
77 86 470860 
58 45 165983 
26 77 994634 
17 47 832113 
70 19 385743 
55 62 895361 
39 50 961825 
47 65 118791 
26 21 188622 
32 77 472100 
92 28 357441 
8 90 902274 
4 12 211869 
36 78 104163 
7 46 711195 
75 2 466239 
22 18 975289 
94 93 439164 
23 51 34090 
90 39 32049 
87 65 751644 
31 23 890632 
59 84 898468 
87 13 93129 
24 56 507556 
76 51 336190 
88 81 730114 
58 26 493780 
85 93 696784 
82 31 477752 
43 96 714720 
31 13 377294 
42 98 916790 
75 50 359245 
72 59 845819 
87 70 429652 
41 52 787121 
93 73 865539 
67 33 211058 
43 86 306041 
97 51 966013 
31 40 794300 
19 90 96635 
96 92 831146 
98 87 856446 
29 60 62160 
60 16 656811 
89 25 98449 
19 24 756721 
85 76 668214 
42 83 630901 
91 50 105742 
43 83 67583 
59 95 913124 
7 15 442797 
92 32 888983 
22 19 462124 
84 81 89731 
40 22 641199 
49 92 416043 
37 88 840010 
67 29 39644 
26 72 710588 
21 59 278076 
73 98 352546 
38 34 619981 
15 40 521543 
43 16 97551 
45 11 644115 
16 98 500867 
11 85 89946 
34 65 450281 
55 53 539591 
67 51 494421 
90 25 309801 
66 53 943546 
33 34 281746 
99 27 792253 
12 68 227705 
81 90 460091 
72 80 645190 
72 15 308789 
6 62 63375 
45 19 607537 
71 69 517357 
34 10 81040 
55 90 702578 
59 50 903866 
30 84 557010 
67 17 493166 
63 78 883074 
63 29 605429 
61 2 91682 
77 94 450807 
96 79 854716 
84 5 864079 
40 94 945750 
49 97 978611 
7 43 362978 
51 55 605000 
91 61 939425 
3 25 77607 
54 2 250316 
46 76 277452 
18 94 804755 
71 81 454809 
87 35 274592 
99 96 853773 
97 76 341409 
93 5 252926 
39 58 401793 
44 95 728967 
15 21 482622 
67 34 565 
43 30 328946 
94 70 223260 
84 31 867545 
41 82 292272 
17 83 827840 
31 11 926781 
53 51 937219 
2 85 370030 
75 4 606963 
37 35 107107 
83 49 638794 
66 59 145887 
60 38 618710 
49 89 445771 
26 93 443938 
49 12 950260 
73 38 321221 
34 22 912138 
41 84 578311 
38 43 777624 
68 64 224186 
32 21 1800 
48 69 970655 
51 47 335350 
16 59 584389 
37 19 279037 
44 62 940994 
21 47 763858 
41 40 585418 
9 72 287939 
4 70 589249 
94 63 176158 
50 30 872845 
61 44 715126 
82 61 473411 
79 16 751971 
64 84 540624 
51 2 24867 
67 54 903008 
88 82 546273 
63 66 493000 
93 86 70 
86 3 623352 
70 30 662268 
79 34 973864 
38 90 647570 
55 33 550492 
96 83 407773 
61 67 673252 
66 71 708634 
89 28 342775 
65 15 226917 
94 24 725058 
60 53 996626 
34 40 257844 
2 4 493704 
8 36 462662 
99 35 360066 
20 3 271868 
78 28 440588 
23 49 85538 
10 4 633571 
11 97 760716 
89 70 620485 
20 80 982862 
61 43 27371 
92 80 866776 
35 31 706476 
75 67 10134 
50 19 498165 
51 91 483556 
82 37 496232 
16 82 441644 
96 98 670990 
83 27 589630 
10 81 386538 
76 84 621693 
79 67 982577 
40 47 596494 
84 47 135696 
35 48 528649 
74 8 924166 
39 40 884490 
4 3 357360 
94 47 449815 
68 23 90912 
32 12 14280 
7 35 547138 
16 62 109810 
87 60 793206 
66 33 787978 
37 34 30448 
69 6 130845 
63 19 571246 
28 37 115149 
47 95 634283 
8 63 594836 
4 73 110611 
9 43 861074 
52 25 829982 
26 83 927281 
92 9 970240 
81 98 15543 
36 63 972076 
46 74 416187 
25 63 720699 
16 55 340991 
33 75 291273 
52 24 816596 
97 61 152364 
35 51 388362 
61 95 317884 
68 15 826208 
30 78 810938 
44 51 857011 
64 75 86936 
56 76 358707 
95 57 779071 
62 37 512820 
53 37 23435 
44 6 441088 
43 88 520159 
88 83 125148 
1 77 621437 
70 39 119017 
89 62 909599 
55 50 497607 
66 36 307619 
33 17 467833 
38 56 691324 
17 82 269609 
39 42 998548 
