97 4643 0 366920 2 
91 24 977070 
29 24 513951 
29 50 555854 
59 50 567835 
59 58 552783 
53 58 737386 
88 53 104787 
71 88 394645 
71 87 13590 
87 80 587663 
80 12 813921 
12 66 701920 
21 66 581666 
63 21 765304 
63 8 189700 
56 8 915675 
9 56 75177 
94 9 274485 
94 36 747995 
36 49 422440 
49 40 175522 
85 40 499529 
85 57 552055 
5 57 443164 
55 5 85851 
55 78 157507 
19 78 279542 
19 30 446134 
30 31 692656 
31 1 995016 
1 18 649201 
4 18 22633 
4 54 507306 
54 93 583076 
93 32 811554 
32 86 483041 
20 86 319208 
20 7 613172 
35 7 884393 
82 35 312424 
10 82 339006 
83 10 105420 
83 41 810032 
52 41 458558 
52 22 92636 
37 22 286097 
37 77 394581 
77 74 924613 
74 43 193354 
27 43 173867 
81 27 731768 
61 81 898893 
61 65 820352 
65 70 622487 
11 70 34340 
60 11 854962 
96 60 93440 
17 96 917932 
17 3 72965 
76 3 872132 
76 15 335360 
14 15 684656 
67 14 986492 
73 67 841582 
28 73 721512 
28 51 777813 
33 51 293653 
89 33 26012 
89 26 739558 
84 26 5766 
84 39 399992 
39 34 967933 
68 34 743406 
68 64 231354 
44 64 949132 
44 23 59568 
23 48 726849 
38 48 190289 
42 38 444138 
42 95 845936 
95 45 567000 
45 69 859767 
46 69 928259 
46 25 949646 
25 13 942991 
13 90 561102 
2 90 922390 
2 92 852756 
92 97 859578 
79 97 2387 
79 75 384935 
6 75 699092 
62 6 631261 
62 16 900 
16 47 79133 
47 72 638063 
61 29 570913 
56 92 33474 
77 35 850223 
27 78 68059 
65 22 493973 
18 13 292112 
4 41 526593 
53 94 430164 
60 92 130452 
60 97 140804 
6 1 292034 
77 29 109492 
69 40 620690 
47 17 508522 
17 31 304952 
54 42 989240 
30 85 282266 
49 20 876308 
73 58 564872 
85 10 253905 
70 23 864621 
70 79 861274 
70 60 272612 
96 92 354069 
18 21 454295 
76 51 688999 
59 70 858877 
26 27 624254 
44 20 694735 
32 63 324620 
9 66 420067 
24 58 794657 
42 30 150900 
40 61 591038 
83 17 121174 
37 89 881312 
37 21 737192 
66 39 376241 
57 63 45926 
65 41 531367 
86 97 460249 
22 58 468258 
95 21 765234 
17 70 475013 
96 67 817675 
71 86 31884 
25 81 924911 
92 83 172388 
33 54 868060 
69 30 497628 
82 44 711167 
41 68 659723 
82 60 39436 
14 69 752078 
29 7 769083 
51 57 957902 
52 40 144751 
88 13 905268 
78 97 238945 
17 91 419685 
91 58 896400 
58 50 524344 
73 37 71081 
65 90 492580 
11 47 86696 
57 30 121452 
83 22 160221 
31 80 58352 
69 15 795552 
7 79 380410 
70 87 339366 
33 21 475886 
11 54 817298 
7 90 324520 
92 78 728872 
63 7 511032 
34 91 477469 
63 80 446289 
17 13 444039 
74 73 104117 
63 70 336204 
89 65 490134 
35 19 357717 
61 3 188038 
69 54 664302 
93 57 136300 
35 16 701039 
77 5 794405 
66 42 72002 
28 14 537303 
93 36 679615 
32 8 945252 
32 26 882630 
92 54 847175 
91 41 524309 
35 94 659360 
41 80 68116 
65 8 608371 
78 7 462001 
18 41 116235 
41 39 351871 
94 31 209059 
3 94 569007 
15 10 468365 
32 17 758715 
76 83 949790 
2 50 320471 
44 29 356143 
27 2 474950 
41 2 767295 
80 9 807333 
58 3 112952 
65 24 323695 
1 82 625824 
78 96 965486 
37 92 681921 
15 53 24970 
44 31 100269 
65 21 712826 
80 28 378317 
36 15 146079 
86 21 888586 
43 40 14512 
68 69 392222 
28 30 314416 
91 27 753767 
7 36 524197 
85 42 566760 
57 18 583708 
51 35 307749 
51 30 152933 
71 67 157793 
17 25 301742 
34 43 433717 
1 87 698595 
78 35 34480 
76 30 474103 
34 64 430697 
39 61 638010 
37 71 233844 
91 30 245538 
21 73 343347 
65 93 518723 
86 85 490680 
11 61 133555 
21 47 117763 
84 23 887955 
27 95 70168 
30 18 241781 
77 17 205935 
32 67 893871 
20 68 721142 
24 12 800819 
68 11 471479 
42 16 437218 
20 75 641982 
30 54 38802 
88 48 212613 
56 61 788700 
43 41 276937 
28 60 788949 
67 53 385395 
11 59 12639 
32 82 977889 
64 47 875213 
72 28 215263 
4 51 636009 
78 88 537198 
38 28 703948 
28 43 167756 
71 41 551813 
44 17 95671 
25 42 670570 
13 89 702864 
48 57 798637 
43 16 422937 
74 83 149560 
42 3 328511 
10 53 849655 
46 17 489010 
87 24 866848 
17 74 344783 
61 53 696713 
64 46 649802 
39 70 814140 
41 97 475426 
12 15 283469 
85 59 720754 
43 80 838267 
73 38 579388 
79 35 950238 
56 33 309063 
70 32 329821 
40 5 105603 
87 5 831939 
76 8 764155 
67 62 275011 
91 62 338342 
35 4 763449 
54 45 482321 
94 49 327348 
37 76 836051 
19 80 584941 
32 44 842315 
10 21 639128 
41 40 983883 
47 63 706208 
95 66 859927 
71 51 387292 
17 12 791926 
55 54 779280 
10 17 311960 
88 77 42810 
84 16 221870 
26 45 821359 
18 58 120884 
18 81 643661 
28 35 194170 
91 12 268165 
32 56 227258 
13 61 649243 
49 15 935948 
26 85 965650 
66 44 964642 
32 95 915862 
30 78 834154 
58 68 700521 
74 11 422250 
57 55 430651 
56 44 14701 
1 24 416450 
83 59 513872 
66 79 444876 
17 65 727428 
78 37 568010 
46 93 215710 
57 61 180374 
68 26 274137 
72 81 429512 
35 26 645828 
33 63 84472 
56 35 171933 
52 51 166556 
81 36 350124 
87 94 396947 
1 26 693847 
27 79 376603 
40 86 723097 
77 76 990825 
86 96 757888 
73 36 750602 
53 60 955191 
16 76 123133 
54 29 120441 
63 25 306229 
22 47 577617 
5 35 282988 
2 33 604412 
75 55 462768 
48 41 600494 
89 18 738355 
43 91 529356 
87 61 435315 
71 48 248964 
2 39 306166 
3 90 265165 
51 19 774432 
32 15 530209 
24 4 982371 
42 87 974240 
51 63 303093 
56 73 767311 
89 72 23244 
26 13 438498 
12 25 843751 
9 22 207041 
91 64 840422 
70 18 528452 
90 47 302364 
61 78 597545 
8 26 979655 
33 86 633204 
81 24 238944 
3 40 737733 
31 88 986429 
81 31 696845 
69 65 450221 
37 49 545184 
34 10 217377 
19 26 767373 
20 89 421200 
57 72 126947 
81 87 630545 
9 27 574917 
25 59 989121 
25 74 731387 
81 90 723071 
75 1 832858 
55 94 463167 
39 46 624069 
90 9 302220 
19 48 575279 
63 89 53815 
48 80 144758 
9 30 221590 
51 1 354103 
83 55 700769 
21 31 664439 
63 12 624063 
3 79 821073 
12 53 702308 
31 85 914165 
13 76 937912 
88 41 616898 
2 21 758537 
32 57 592487 
60 8 428874 
70 29 206107 
62 53 457388 
21 12 653751 
63 96 755135 
57 39 29136 
62 30 755907 
77 93 515921 
2 13 567869 
73 24 759449 
14 59 721492 
53 82 775735 
40 1 597261 
38 37 808668 
56 93 354215 
18 29 66465 
93 89 190889 
76 20 679829 
92 25 51105 
27 66 16331 
63 56 524668 
67 5 806358 
60 14 24955 
13 62 797544 
76 7 867221 
62 25 677898 
73 18 44850 
80 93 708620 
74 21 263132 
89 41 398269 
16 18 595195 
17 61 261106 
96 62 859055 
26 61 383787 
90 78 485899 
84 64 224243 
91 94 884736 
60 50 24243 
69 58 376104 
6 91 608413 
7 72 315434 
19 10 979393 
44 76 262179 
14 72 775326 
19 21 200723 
20 42 583558 
34 30 345501 
51 22 971993 
33 32 908814 
50 1 686207 
76 97 862436 
41 50 78926 
59 75 498508 
76 43 24239 
72 87 430984 
10 33 478776 
23 83 599225 
96 88 651707 
23 33 3030 
87 55 558629 
18 53 188152 
82 27 842029 
55 39 429331 
95 48 928046 
52 17 295867 
47 14 773188 
37 79 291645 
71 50 547206 
86 1 915666 
55 71 693338 
85 82 280296 
45 19 197350 
15 57 949549 
7 74 703769 
81 60 218471 
92 7 972688 
60 86 937732 
2 3 678438 
83 38 118761 
45 14 861774 
48 37 934684 
26 11 246956 
38 72 708853 
83 7 194570 
67 42 439801 
68 74 160288 
84 8 388043 
12 48 263484 
13 73 794459 
32 34 337589 
12 34 74440 
78 14 950657 
15 93 798554 
75 53 256440 
23 38 550473 
46 6 971659 
60 29 653851 
29 2 288032 
56 88 370763 
10 81 370350 
92 23 556622 
51 62 551284 
82 3 181767 
67 64 311177 
31 78 870532 
42 50 933356 
53 14 105710 
61 6 364877 
4 19 636393 
77 36 409007 
45 28 762501 
91 16 198690 
31 12 537491 
22 40 749891 
29 91 514395 
45 59 342458 
83 88 702620 
13 1 139799 
4 39 195953 
40 75 486433 
28 44 491949 
95 3 721532 
40 71 829459 
32 83 565930 
52 60 603591 
9 68 691937 
73 79 612919 
6 51 539068 
15 55 251053 
57 42 967206 
67 10 794286 
54 56 778445 
27 71 82332 
35 69 986444 
52 78 545800 
30 84 985880 
71 84 868398 
82 24 220730 
29 65 134086 
85 61 997500 
52 62 239315 
30 12 919780 
92 86 779971 
16 34 645305 
68 25 578958 
69 1 257613 
17 33 493594 
3 62 531609 
89 96 407070 
59 26 874102 
45 67 311105 
89 19 851114 
86 25 732038 
66 20 661789 
87 83 534822 
60 51 952776 
5 1 350475 
19 73 53722 
81 57 423728 
76 49 126321 
30 80 218676 
14 66 76222 
53 6 741627 
52 61 55857 
91 36 308836 
61 69 525863 
60 9 936948 
28 9 61134 
16 49 842294 
17 63 472210 
82 57 597236 
36 41 441489 
83 97 687725 
12 85 172020 
82 22 515478 
97 72 174048 
77 83 117471 
10 91 155787 
74 5 378786 
9 89 770134 
42 75 564357 
62 57 819258 
16 38 145176 
96 75 346748 
81 65 510862 
1 42 204755 
45 42 339071 
86 75 227073 
42 55 759530 
19 93 712881 
75 4 408661 
12 64 22368 
89 95 284997 
36 8 139954 
68 1 901534 
72 79 640913 
52 1 751717 
62 72 268133 
46 2 647369 
54 16 395439 
71 36 70359 
94 73 801929 
70 53 689385 
32 24 823890 
4 49 874171 
64 97 365639 
25 14 616411 
12 88 505072 
48 79 749606 
86 26 300057 
89 23 422484 
1 46 241758 
72 15 648124 
32 13 584248 
32 51 862396 
75 43 292443 
8 90 712699 
55 85 822283 
56 23 648547 
8 35 185790 
72 3 269130 
25 2 265898 
29 84 645332 
21 61 224721 
27 96 625329 
62 70 310104 
37 25 363968 
66 88 40685 
29 55 438376 
36 87 936130 
76 75 397202 
38 34 1111 
39 76 681469 
19 27 702847 
19 17 505762 
42 56 906536 
65 18 54261 
76 36 118025 
29 53 679136 
3 50 225716 
48 51 688757 
7 3 571678 
9 41 913188 
72 91 134806 
9 79 868194 
46 48 893744 
88 39 12155 
3 23 907413 
94 39 706565 
75 22 64628 
12 4 489461 
46 90 400441 
46 7 231498 
2 78 681151 
29 97 886007 
87 44 79934 
78 25 570091 
1 37 157798 
66 70 947230 
92 8 902902 
34 25 551940 
3 29 257303 
97 1 340269 
62 34 514453 
27 67 715177 
69 2 877360 
20 33 548840 
84 33 530936 
61 68 952727 
35 38 495877 
52 6 336478 
43 70 720504 
58 64 879864 
15 2 523866 
79 86 964468 
10 48 470208 
64 70 629196 
62 66 410556 
90 6 198522 
88 49 463064 
94 63 262853 
8 73 240918 
65 44 148716 
45 51 280492 
66 2 580926 
43 96 693561 
7 25 273234 
15 30 926906 
64 10 847330 
82 51 429923 
37 74 731052 
56 74 353450 
85 72 474795 
37 3 718991 
37 28 964848 
81 5 143663 
45 56 350386 
49 90 429796 
14 34 373285 
24 78 44893 
16 17 417435 
76 10 548146 
1 48 296638 
94 83 929037 
7 62 259941 
68 14 32930 
1 19 3107 
64 33 381462 
1 91 760296 
95 25 212140 
11 27 556720 
72 68 567933 
95 1 734216 
24 85 412790 
57 66 347967 
93 58 927729 
9 46 747377 
97 65 888108 
22 78 442458 
4 74 242361 
94 15 926346 
29 63 138567 
23 81 707159 
21 85 921882 
61 4 905141 
39 3 473326 
48 68 573612 
57 14 944304 
45 84 145033 
65 39 842201 
77 54 414900 
58 21 213331 
32 6 221698 
38 47 927542 
83 60 854456 
49 83 565906 
45 3 597676 
11 20 90486 
33 12 554687 
37 88 735350 
52 95 694649 
71 59 386436 
64 74 459449 
95 67 736813 
64 40 680911 
90 75 747711 
40 96 282584 
86 84 5354 
30 94 473065 
41 69 468043 
27 87 662579 
46 66 870321 
62 73 756778 
64 89 610366 
49 18 565825 
50 57 269065 
58 14 467684 
15 58 725537 
19 20 832794 
49 63 261033 
38 22 442548 
66 30 881332 
6 17 666500 
8 91 197315 
41 8 666270 
51 81 527050 
17 92 195742 
39 44 899884 
38 30 738987 
39 14 468186 
88 11 321355 
63 90 445161 
22 96 61395 
26 90 677901 
20 38 981080 
82 59 985592 
95 9 656921 
58 41 136460 
17 94 258798 
23 20 929379 
15 44 327887 
43 50 94393 
52 3 910047 
40 57 470932 
57 77 235969 
20 27 353875 
51 88 742228 
86 2 691605 
2 74 10071 
95 62 911372 
55 25 784091 
95 44 775137 
75 37 247701 
81 86 133159 
25 30 569418 
57 19 363437 
84 27 712961 
67 26 934665 
44 78 370250 
77 42 17022 
2 9 96035 
17 2 703519 
15 39 361371 
33 30 380147 
91 61 175834 
86 69 512134 
61 97 43885 
10 70 805812 
61 5 452157 
33 25 958747 
95 4 439782 
67 25 717124 
8 54 869862 
53 28 599895 
4 81 482192 
47 97 853599 
94 50 980727 
46 74 837040 
84 43 787356 
38 43 105358 
78 42 495474 
93 91 740364 
47 94 346851 
61 48 595819 
96 18 115175 
19 61 949638 
47 29 633757 
4 32 508072 
43 11 246608 
88 20 305427 
35 59 669919 
59 76 267235 
31 46 402411 
3 86 982735 
80 61 893261 
95 70 763474 
71 45 46940 
51 36 638010 
90 33 745603 
86 55 114084 
42 15 948989 
97 14 888356 
62 85 304009 
74 41 582159 
34 4 567167 
33 7 154230 
64 73 980297 
21 3 158422 
12 47 397723 
83 8 766211 
81 52 872818 
68 42 68874 
32 2 360000 
81 91 68274 
78 59 223202 
50 18 982510 
89 42 346062 
47 9 286127 
15 11 579386 
73 7 931006 
32 54 277900 
87 60 845579 
62 15 111344 
78 79 277722 
14 27 72631 
10 45 272755 
91 68 197979 
35 47 404461 
90 56 845395 
13 96 550132 
38 39 343614 
48 50 94720 
58 32 498810 
60 62 302534 
61 49 898391 
10 13 676501 
27 90 390718 
50 89 303583 
58 90 799812 
40 35 714103 
94 42 939059 
10 49 131334 
20 54 83122 
77 86 489640 
4 7 651053 
83 6 935593 
48 9 734227 
34 94 324199 
10 40 417896 
36 82 336228 
42 31 502304 
40 70 49304 
49 42 342855 
5 6 648575 
30 29 624012 
44 24 923719 
65 79 394877 
27 4 466226 
85 90 659618 
7 6 730729 
75 88 227210 
48 78 533390 
22 48 532012 
54 2 953583 
11 13 641781 
64 76 407162 
14 95 860949 
56 27 298563 
47 34 381670 
22 41 892825 
12 28 79117 
20 32 408431 
2 48 179175 
88 34 62327 
20 81 539521 
23 36 764440 
36 58 426080 
15 70 905001 
43 15 425673 
88 60 260777 
19 7 102405 
24 66 680894 
96 82 241726 
70 56 723265 
29 66 954743 
47 46 200562 
36 35 379025 
93 97 257350 
4 47 503878 
24 2 164290 
86 67 40448 
57 78 745027 
33 9 27982 
77 14 980173 
4 30 122113 
40 45 291300 
87 84 256649 
89 81 701936 
52 85 257822 
89 32 116903 
78 23 130747 
29 11 714056 
94 2 284412 
33 3 649226 
56 19 979936 
93 16 399016 
43 12 348271 
85 80 929339 
18 60 856663 
20 74 752995 
16 36 369160 
16 56 297251 
1 81 337706 
31 89 267824 
3 85 470379 
38 13 410112 
79 39 65313 
46 19 633000 
31 79 281480 
76 63 63448 
87 16 848503 
32 36 893897 
39 90 467128 
77 40 185830 
97 5 335687 
22 86 859521 
25 96 182284 
4 90 930142 
50 21 333029 
96 45 536128 
86 52 318540 
97 32 274547 
24 61 863735 
78 74 558293 
95 11 87883 
16 5 220907 
35 80 180627 
53 11 56426 
65 34 443287 
28 17 829874 
70 96 637367 
89 14 901076 
20 14 496768 
25 11 362317 
37 10 215535 
3 91 739468 
16 50 702381 
24 94 666761 
9 43 250242 
29 46 49283 
82 19 474307 
22 93 431633 
61 37 661864 
86 41 968023 
19 95 388715 
77 26 376305 
82 86 562723 
57 70 627392 
76 60 721742 
64 72 743118 
40 4 23657 
12 32 596718 
72 41 375661 
30 6 52058 
78 93 211194 
82 16 107425 
55 8 477322 
67 89 24217 
59 87 439845 
83 72 271574 
1 65 80654 
54 44 590881 
70 94 610361 
53 54 765897 
71 9 698116 
77 73 899644 
94 37 782354 
74 76 701094 
3 51 22802 
71 19 400970 
47 31 472625 
22 3 811541 
48 40 357351 
89 57 33432 
19 39 141831 
23 9 699899 
48 25 399121 
68 75 124649 
42 27 305335 
33 5 47545 
73 60 134162 
22 92 385136 
34 82 457535 
40 25 415370 
81 42 158345 
67 85 828121 
94 32 324914 
92 81 763156 
47 3 626910 
71 14 169248 
24 30 446476 
71 70 255301 
60 30 63710 
63 30 429610 
6 14 363129 
51 2 989872 
85 76 329613 
20 21 325748 
48 66 462957 
34 36 469798 
42 35 717913 
91 70 659120 
96 90 457923 
61 55 405179 
38 29 782493 
96 84 697361 
69 24 473856 
51 40 529872 
39 47 410846 
61 23 770122 
38 56 813199 
93 14 158377 
69 32 831938 
94 57 93086 
75 64 486986 
13 80 829857 
95 26 266097 
36 89 288884 
1 39 529646 
76 90 537081 
12 36 483548 
6 87 281743 
47 80 891359 
75 56 774546 
45 34 99572 
94 12 284073 
73 86 354449 
68 8 529225 
23 10 506836 
40 47 753675 
5 89 1639 
14 83 755726 
77 50 196848 
43 39 571951 
6 96 613908 
77 6 947187 
35 32 679482 
60 31 686230 
29 57 805923 
16 65 787079 
26 30 747250 
41 10 443965 
6 67 470585 
65 11 141527 
32 27 490697 
37 56 932785 
77 90 353464 
73 66 97839 
45 75 905493 
73 26 498578 
6 19 591646 
66 87 807572 
24 60 101273 
50 67 146906 
71 83 954952 
89 30 987425 
23 40 294929 
11 17 409302 
2 14 198256 
57 76 965624 
38 85 956471 
27 25 227843 
80 14 990604 
18 40 156185 
86 42 701750 
68 63 675014 
95 57 681654 
56 1 301268 
68 78 466665 
67 22 826377 
26 88 335641 
35 57 397031 
30 72 384520 
45 50 267851 
18 6 239702 
24 5 174158 
84 9 740670 
45 13 887639 
22 89 773877 
49 77 695705 
70 38 342607 
65 30 84567 
26 5 44654 
96 30 70535 
34 66 758683 
77 11 432508 
67 20 600455 
84 31 17434 
28 18 859149 
36 3 822397 
13 72 603354 
28 85 779233 
19 84 32976 
67 41 906786 
24 42 393957 
45 39 661753 
48 70 363362 
69 73 409066 
26 14 196231 
63 11 303250 
72 94 576616 
69 96 533379 
75 87 538517 
80 83 299553 
7 18 648679 
63 6 480775 
82 4 626307 
86 39 811687 
82 65 412230 
60 89 807839 
94 79 740088 
56 12 8464 
29 19 531836 
71 28 253496 
26 65 452859 
79 95 84221 
46 58 390650 
22 20 131854 
73 76 17715 
89 24 397750 
58 95 370114 
24 84 589327 
27 92 761929 
78 95 470571 
77 27 638578 
68 53 479026 
13 81 986556 
2 76 712615 
69 93 561700 
93 10 100220 
76 78 824740 
49 26 372942 
70 41 735596 
87 50 649849 
76 24 689100 
1 36 426817 
47 87 632582 
94 18 480904 
69 57 796413 
31 49 582888 
5 53 438534 
15 61 601204 
6 3 851505 
5 34 36016 
91 7 511351 
73 61 774590 
57 31 787985 
83 39 430642 
87 8 534250 
13 78 962852 
5 84 24024 
97 67 204235 
60 5 485703 
16 41 979519 
71 58 829140 
11 51 826083 
22 17 927185 
38 2 127917 
21 97 922182 
41 3 131198 
67 94 822094 
11 78 764535 
42 71 969437 
57 49 627160 
49 52 803208 
12 62 148935 
67 47 868050 
64 15 951841 
6 21 116076 
39 56 136575 
70 51 394205 
18 55 701610 
22 7 374879 
91 56 293012 
35 55 62346 
27 22 327021 
2 4 705333 
3 16 226513 
78 36 656257 
76 40 65520 
68 10 88178 
5 88 849485 
64 1 151200 
85 39 514707 
28 89 783618 
13 65 784201 
52 35 560521 
81 2 216219 
91 14 983905 
86 28 182590 
57 45 752248 
52 93 784877 
12 5 367944 
11 83 150739 
93 6 606597 
35 76 273792 
78 56 922362 
11 69 237691 
96 97 82099 
27 13 356799 
63 97 344035 
40 32 764929 
14 52 524196 
4 11 556779 
80 26 850204 
68 60 883277 
10 79 790024 
40 17 342345 
44 27 894972 
46 86 865067 
3 92 339083 
66 68 897610 
74 84 71594 
44 75 402216 
79 28 946217 
93 28 825485 
20 91 223908 
9 77 463614 
24 31 664453 
50 10 715875 
7 67 174690 
72 26 730288 
45 31 184214 
95 2 769387 
24 40 221571 
23 12 370588 
68 95 224416 
58 26 798436 
94 25 799869 
33 75 766944 
84 48 593911 
92 62 391137 
56 46 759115 
27 8 854996 
85 66 180732 
17 79 545759 
12 65 923655 
25 29 146204 
56 28 147104 
2 34 102341 
43 48 862772 
90 18 74410 
32 65 912064 
43 49 445833 
49 95 487871 
35 1 910111 
97 58 172184 
28 54 436769 
85 47 101383 
58 92 212619 
27 28 801346 
40 14 300527 
48 96 533845 
58 27 206031 
73 50 637168 
82 5 258268 
38 59 837876 
44 48 841128 
10 6 239423 
39 75 247683 
59 91 986389 
33 87 473133 
38 97 184426 
72 19 687324 
78 94 717200 
75 97 852889 
52 25 376995 
85 49 477669 
13 63 53429 
80 72 328700 
86 24 584590 
84 4 167388 
85 78 963978 
58 19 534618 
28 49 686220 
20 15 296482 
33 1 718452 
39 63 691606 
19 22 898304 
13 39 122044 
68 76 919541 
52 90 399121 
92 55 420258 
28 48 372876 
32 87 819127 
18 97 291296 
2 10 577639 
92 50 14745 
49 84 452171 
68 12 896676 
5 83 2095 
73 27 931835 
28 42 566693 
90 89 829584 
6 59 68644 
63 92 328459 
67 58 39076 
67 11 868346 
54 73 255246 
33 67 548752 
83 35 849248 
9 20 87431 
53 93 685302 
14 51 191248 
50 85 23687 
72 6 407147 
4 46 937826 
11 84 912525 
20 45 948843 
57 68 118585 
72 4 754775 
19 60 439011 
71 26 196838 
80 6 126169 
41 7 962948 
40 50 820737 
62 64 710388 
25 64 64340 
90 15 325665 
84 18 471790 
62 87 596682 
9 58 113320 
72 96 885143 
67 55 673580 
76 25 722617 
37 46 865796 
32 84 13981 
45 85 293144 
18 35 765166 
70 89 44597 
76 53 121997 
6 41 585601 
63 10 761166 
6 81 296137 
96 65 624720 
20 56 210349 
31 28 7859 
61 18 942395 
51 53 925221 
27 17 661830 
47 56 719653 
34 18 179365 
79 62 585295 
94 5 928939 
76 22 50784 
5 59 215125 
47 2 458122 
44 52 992352 
38 95 535835 
95 40 375740 
36 65 797656 
67 28 832756 
35 72 703651 
78 45 518992 
23 85 223516 
30 61 263606 
3 56 316026 
64 77 833339 
6 97 740165 
89 39 905553 
36 69 348404 
94 40 184352 
73 3 929243 
96 16 548344 
50 80 917592 
64 54 808689 
24 70 611093 
84 55 447816 
61 92 642863 
92 38 417918 
1 73 278470 
42 93 34338 
43 45 807073 
33 60 737766 
41 63 904869 
64 61 382409 
8 95 397996 
19 74 405213 
95 88 357577 
3 34 730761 
60 38 303761 
33 36 255843 
94 29 161131 
50 52 833489 
81 88 717061 
67 15 118605 
32 81 559641 
17 84 134791 
72 70 277518 
2 75 244446 
82 56 543437 
43 82 172399 
8 69 846167 
28 68 66867 
18 76 837032 
65 72 540225 
6 13 15366 
63 36 509201 
79 82 643553 
22 63 522934 
65 2 372818 
20 40 3240 
15 46 613779 
33 11 166376 
88 68 43699 
70 44 23206 
51 16 450491 
73 42 399906 
44 77 124101 
69 53 751033 
16 97 661298 
48 17 51555 
17 93 821006 
94 59 411151 
91 21 630058 
12 39 382874 
76 72 407369 
41 45 815464 
4 58 696550 
42 11 395279 
76 94 180519 
7 8 202747 
22 42 868984 
62 43 500994 
75 9 896184 
94 8 995768 
29 40 702648 
77 41 508749 
69 25 978173 
53 4 594268 
73 70 242467 
95 29 514784 
95 12 519923 
32 80 212455 
89 62 936516 
69 5 608752 
69 56 389160 
33 15 935329 
31 14 328510 
26 87 37398 
95 80 127437 
64 23 735214 
86 94 386899 
59 97 49525 
38 82 178518 
57 90 225680 
33 76 537862 
94 61 30097 
92 24 418896 
24 64 579388 
2 52 802403 
74 51 228687 
36 48 271861 
12 51 781467 
89 84 767071 
17 86 380990 
51 78 828824 
94 82 370993 
50 75 881399 
15 7 675902 
69 27 213514 
23 76 385929 
83 62 204965 
18 80 76854 
92 87 942029 
41 23 84367 
51 94 262525 
53 46 667653 
1 34 841487 
67 90 7686 
38 40 686272 
71 91 207264 
97 13 807398 
52 67 848757 
81 12 415700 
35 3 672615 
2 22 756039 
17 18 524270 
53 49 590106 
46 81 982757 
71 97 867829 
72 55 135197 
25 45 867598 
19 5 783668 
11 19 15157 
90 31 395215 
43 54 222673 
63 73 113703 
92 77 701790 
28 50 587848 
41 47 820376 
38 54 195423 
16 30 171490 
42 51 179398 
38 1 908306 
29 71 413689 
67 60 246536 
20 5 760644 
84 67 411203 
5 70 338161 
64 52 362551 
38 32 82792 
25 32 175698 
4 55 566562 
7 14 344000 
13 3 839547 
15 65 313539 
43 63 924951 
72 69 78821 
5 38 464491 
76 31 264217 
76 34 923079 
60 48 458387 
24 34 231218 
62 18 337846 
27 53 802037 
7 34 533660 
33 57 476912 
67 92 66518 
87 78 328539 
8 3 812889 
74 10 10384 
93 40 291674 
15 95 997612 
49 14 329496 
22 25 90473 
89 21 100756 
82 69 947242 
77 79 992577 
76 89 918690 
37 55 6831 
22 8 459855 
83 29 442597 
70 52 181569 
19 83 131203 
92 42 836418 
38 58 993999 
53 19 517815 
3 80 697389 
29 43 245825 
96 73 581948 
22 59 424777 
93 7 636771 
11 18 491350 
87 68 837350 
60 4 450552 
80 1 30067 
22 55 852215 
70 90 33214 
40 89 597373 
54 14 290751 
66 7 55017 
21 52 107131 
84 38 231865 
41 90 48258 
79 51 812741 
28 3 816027 
52 36 935358 
23 97 41671 
72 93 883886 
28 61 858647 
64 7 105876 
7 96 720 
52 15 478474 
86 57 441163 
78 47 721387 
25 23 794152 
45 38 822073 
23 49 392089 
60 84 394432 
12 13 209640 
78 58 794804 
75 28 371222 
34 23 364014 
89 29 231084 
21 9 299026 
84 61 376266 
58 31 215024 
85 37 688741 
10 80 447552 
17 60 554317 
25 71 30181 
89 61 356931 
15 83 97994 
14 18 40355 
88 67 481497 
8 72 113894 
66 26 572455 
48 16 541398 
13 91 47276 
69 18 641865 
54 96 963025 
16 23 844743 
12 45 46316 
57 37 598691 
91 18 30538 
25 65 867858 
42 5 953304 
18 59 985200 
36 11 819977 
59 67 775394 
51 17 967671 
44 42 886345 
3 59 157672 
41 51 85331 
16 72 547776 
33 72 963241 
19 79 482523 
93 45 513210 
63 84 126712 
86 78 155129 
84 85 849435 
8 40 474253 
48 8 580216 
33 28 285687 
62 21 309390 
90 34 771601 
77 4 130441 
52 45 545734 
81 63 912837 
7 47 562434 
92 20 351187 
38 21 899677 
74 1 73369 
17 30 229249 
10 11 488044 
17 85 144510 
67 70 237472 
59 92 808951 
6 73 708092 
97 54 700980 
56 13 918483 
30 49 956171 
97 89 768760 
14 30 132814 
53 1 827764 
21 45 200180 
4 68 980237 
18 85 80447 
91 83 670766 
82 49 928344 
47 27 361297 
32 46 880746 
34 35 246459 
25 79 7891 
70 36 123604 
25 31 834657 
73 44 640409 
72 58 682222 
22 90 889409 
4 33 90591 
84 83 732047 
19 87 399488 
89 4 554112 
79 83 316515 
82 81 91715 
10 62 943152 
59 28 731677 
8 5 165850 
92 51 561560 
47 1 653221 
6 88 714526 
57 24 368296 
84 28 823474 
89 17 614366 
72 73 203413 
88 4 895347 
12 93 85546 
70 13 221059 
92 80 56365 
48 6 482030 
41 12 559729 
88 32 501920 
92 15 466398 
64 6 341140 
86 66 341952 
32 29 231308 
70 35 16078 
49 67 922699 
21 82 809784 
18 68 725031 
88 30 76505 
80 67 693385 
89 2 883967 
59 68 158678 
49 6 416233 
54 95 971174 
27 46 932326 
21 81 591038 
56 64 933123 
52 46 531814 
85 53 621855 
53 3 264110 
56 22 177512 
66 37 44895 
92 44 390001 
87 73 510005 
31 56 227995 
11 41 739748 
77 21 373692 
2 56 130898 
54 9 532536 
86 31 432789 
94 90 456607 
67 57 246470 
44 85 88932 
81 68 320734 
29 82 660504 
86 15 697181 
79 32 841159 
22 95 570331 
47 95 831815 
71 18 342 
17 1 763217 
13 19 922351 
18 64 115203 
12 78 233285 
53 34 463723 
57 2 299419 
40 60 161456 
60 35 298847 
78 70 71489 
54 79 614925 
55 91 305437 
62 82 909981 
21 26 885432 
58 16 462398 
60 85 879570 
34 93 152985 
34 31 201857 
24 14 123098 
42 46 308813 
36 56 714284 
76 66 290413 
67 8 806713 
82 54 801347 
57 36 844011 
72 23 523312 
31 73 751721 
92 52 524379 
53 95 711784 
5 68 366945 
95 41 840500 
16 7 203317 
62 65 462981 
11 72 921324 
9 76 897547 
5 79 637797 
34 29 105361 
88 9 886483 
58 48 668564 
77 22 355165 
75 36 431443 
73 41 722487 
63 79 100208 
46 67 594822 
56 48 427338 
31 97 843038 
89 77 825724 
40 56 741264 
14 8 492238 
68 6 897244 
54 36 371281 
5 32 905378 
18 67 864877 
66 13 544837 
43 13 282930 
33 94 845085 
67 76 775603 
54 7 768194 
5 15 757721 
21 29 892924 
97 33 915637 
93 82 523241 
2 83 441198 
12 57 772680 
54 26 78182 
87 13 742351 
88 64 628665 
9 36 16149 
82 91 402741 
94 4 938821 
53 2 237594 
32 37 856043 
92 69 985624 
75 91 181427 
87 4 807552 
36 28 275127 
17 64 755722 
88 21 38303 
97 35 35162 
1 60 35677 
51 15 446406 
60 22 197007 
73 25 886284 
2 16 312528 
68 73 492656 
28 19 519119 
15 48 724685 
26 7 414206 
83 13 4826 
78 6 497136 
79 55 944655 
51 68 600081 
73 92 444168 
2 28 283687 
78 49 571176 
9 17 665084 
30 74 455427 
92 84 815093 
13 9 766081 
57 79 806830 
2 44 815577 
6 29 395365 
2 43 599695 
13 59 745329 
59 61 601449 
68 13 880194 
21 41 917796 
50 49 542585 
31 22 678052 
23 22 21748 
11 82 205621 
62 42 131137 
5 58 611683 
30 44 896747 
66 5 442626 
87 57 797970 
92 31 456559 
81 96 85874 
49 91 147553 
7 55 937522 
16 95 120642 
36 47 979981 
48 35 146242 
72 24 631539 
58 45 747027 
28 11 577727 
32 52 344298 
10 52 17592 
93 18 743720 
7 80 842580 
88 55 185389 
77 15 191565 
94 19 536146 
72 27 134942 
49 68 836998 
34 77 656123 
81 80 256485 
55 13 769871 
70 55 70841 
80 62 40101 
82 61 108144 
16 64 430428 
9 81 240738 
42 76 505369 
67 39 607948 
21 92 885516 
65 88 856374 
87 37 268948 
79 44 893842 
91 32 490036 
86 44 331659 
36 40 778973 
27 36 590718 
74 53 270862 
77 60 750913 
85 5 580281 
50 63 620872 
80 69 83512 
80 82 463952 
77 94 688047 
91 5 699942 
77 96 406898 
77 23 874133 
85 91 122549 
91 33 713804 
36 22 742280 
91 67 413534 
15 40 513642 
70 9 833578 
57 25 221090 
43 31 873124 
46 21 30611 
53 71 640752 
80 45 759377 
75 15 979370 
2 77 902591 
32 66 266129 
13 15 259282 
17 23 957147 
87 93 982811 
39 49 732863 
54 18 957486 
93 38 525975 
56 81 123358 
16 22 132028 
97 17 375675 
77 61 729100 
39 52 349315 
74 3 854199 
89 45 414736 
27 29 210584 
78 26 110160 
44 91 971623 
48 18 132012 
91 22 629347 
29 16 986372 
10 27 139525 
71 75 273032 
30 46 45089 
65 67 957540 
38 52 761504 
73 23 824249 
75 92 461277 
81 19 884933 
55 77 514478 
7 30 44734 
48 62 964033 
3 4 190174 
85 22 632709 
18 77 423211 
47 26 471254 
55 17 301099 
37 67 611860 
56 11 307902 
95 17 221052 
83 43 74498 
15 60 228309 
19 52 608622 
86 12 803983 
64 2 280555 
31 54 898377 
41 31 455874 
20 55 532399 
90 16 331368 
91 39 531566 
97 81 207951 
62 2 432182 
96 38 454300 
37 82 780983 
88 76 932148 
42 91 979268 
86 83 61813 
18 52 272163 
94 43 600395 
81 11 163170 
60 93 962502 
53 37 550500 
17 80 832809 
82 78 232462 
37 35 405265 
17 14 541986 
60 43 272687 
52 97 719020 
70 84 537724 
43 36 810767 
71 82 15119 
39 8 878814 
21 84 743164 
93 24 910686 
15 82 262085 
18 27 813783 
20 53 244625 
30 21 98121 
55 11 671844 
92 16 817706 
27 94 813102 
52 11 301879 
61 42 484763 
59 2 403642 
15 1 473623 
32 76 384145 
63 58 953634 
35 91 745216 
47 18 9639 
56 72 994613 
95 74 384750 
86 37 29636 
52 91 101550 
80 38 219096 
79 93 65608 
33 50 897456 
18 10 513051 
73 90 861291 
80 96 836531 
71 96 550776 
94 44 596468 
60 20 882838 
68 31 150517 
73 30 859193 
68 24 72520 
8 70 134295 
86 47 37863 
30 90 729713 
29 81 327041 
7 59 768172 
2 85 18266 
39 51 747048 
96 5 938632 
23 86 183203 
83 48 51484 
80 4 542716 
25 38 795276 
1 29 783689 
6 79 411841 
84 80 408179 
76 54 834965 
24 95 286105 
17 58 304390 
48 74 469569 
63 3 357527 
16 21 171583 
70 37 316167 
4 1 869636 
70 50 301481 
90 42 868905 
13 92 78139 
22 30 643760 
89 43 626990 
6 11 869769 
7 56 235823 
26 74 975421 
46 44 89503 
46 38 989409 
17 20 82569 
74 22 490828 
10 24 441082 
10 94 916117 
67 29 720060 
5 72 961216 
36 60 684982 
23 29 447132 
71 22 690471 
55 40 630464 
90 59 976013 
1 85 630415 
97 51 33617 
56 26 368160 
55 63 403257 
13 30 155073 
59 77 314058 
49 93 754661 
36 6 33822 
7 85 483945 
47 66 897911 
75 32 796497 
61 20 757437 
66 72 417817 
50 37 566155 
84 44 215850 
13 4 540200 
76 17 262486 
77 58 860354 
33 73 182268 
14 3 743179 
39 11 978279 
87 9 140558 
81 75 812887 
46 91 566461 
10 96 520402 
70 82 697613 
8 50 505252 
24 53 661378 
35 50 635465 
92 53 128806 
27 59 274027 
82 95 843815 
35 63 326210 
19 54 730600 
46 36 14719 
49 96 16272 
43 92 575947 
36 39 558901 
40 92 625230 
20 50 427428 
93 13 165136 
11 50 973528 
63 19 912714 
12 79 573227 
2 79 481965 
19 31 878825 
62 36 3608 
29 52 109093 
66 77 575541 
36 31 112119 
1 90 648137 
73 83 613841 
23 42 341700 
49 27 913472 
67 44 626177 
91 47 690068 
54 23 529738 
68 7 964291 
11 16 94194 
43 46 985566 
38 81 406301 
85 75 435016 
9 18 362611 
84 93 994622 
59 55 294029 
53 48 96815 
16 28 868814 
11 66 681367 
2 18 561094 
7 75 655881 
75 30 296942 
10 31 308181 
52 56 819800 
44 63 905048 
95 31 965631 
10 12 877437 
2 96 348856 
69 6 993446 
29 68 525186 
37 16 862132 
90 48 195664 
4 91 381384 
65 10 965891 
25 66 426166 
36 67 221812 
41 75 842428 
36 64 488334 
22 21 831902 
94 66 659756 
73 16 693949 
58 34 138432 
54 52 66651 
8 31 317738 
82 97 478820 
46 18 647692 
26 18 231529 
85 54 573864 
14 22 812368 
27 33 124121 
71 63 689890 
78 41 119960 
78 80 361944 
63 64 237573 
51 37 196908 
13 16 167489 
38 36 688136 
3 49 998617 
39 93 130938 
30 81 539214 
76 82 184934 
34 63 883650 
92 39 443447 
41 82 978612 
71 16 182386 
73 40 687224 
5 65 891192 
92 28 518369 
62 28 171240 
42 39 713082 
85 35 975568 
41 1 711112 
93 51 731225 
63 52 471209 
48 86 949669 
59 9 828783 
8 45 248870 
1 77 589334 
75 12 371786 
28 25 204084 
39 82 220651 
31 87 625745 
74 90 864666 
42 14 327729 
55 52 502721 
14 46 603346 
66 69 492529 
26 28 982181 
40 13 497705 
63 69 532538 
13 50 730434 
5 64 129215 
31 48 252341 
50 88 564926 
15 66 191009 
18 12 51985 
28 91 121185 
43 68 541915 
14 36 286422 
43 33 639079 
49 64 654587 
64 87 961684 
68 19 93833 
1 67 255857 
62 5 820944 
93 8 243157 
2 7 548131 
92 64 121068 
30 55 57648 
8 62 660355 
46 88 323169 
42 41 649906 
69 47 126921 
66 45 35321 
88 57 450255 
55 58 316822 
45 18 26570 
71 31 942115 
69 21 373977 
1 92 979687 
55 80 622563 
21 27 612612 
45 81 498585 
3 24 965458 
19 47 183137 
84 90 514413 
95 97 356750 
25 83 744336 
58 74 223506 
88 25 892408 
68 62 134139 
13 54 700164 
2 1 211588 
56 65 222237 
4 73 102040 
5 3 457714 
20 90 308854 
41 32 927055 
8 29 449207 
55 81 472598 
85 32 64249 
33 70 336533 
83 21 878120 
85 96 867281 
88 44 274823 
11 73 729560 
45 92 818224 
71 94 345642 
64 50 776331 
72 32 331416 
4 57 254511 
47 70 430921 
13 24 394996 
41 55 608439 
3 15 305276 
59 12 626686 
3 77 598475 
12 96 91762 
27 57 400738 
46 41 124779 
91 53 33329 
43 10 709853 
50 62 343315 
46 13 874169 
69 22 314727 
7 13 712729 
90 40 662433 
72 61 869492 
23 52 629507 
81 93 405505 
62 11 9211 
33 92 122350 
28 5 171452 
13 60 945967 
86 89 772141 
20 34 161600 
25 50 551623 
48 94 267103 
70 2 422665 
55 2 393693 
81 35 462656 
37 93 729766 
25 36 450005 
96 53 1018 
46 59 519044 
23 67 787687 
40 44 461995 
27 37 438968 
18 95 828595 
2 19 910935 
35 30 756395 
47 53 24838 
33 31 993002 
83 58 678790 
51 58 876416 
92 6 296221 
87 65 357504 
86 51 250248 
4 14 463165 
8 74 716457 
47 45 637334 
35 84 933765 
75 95 37261 
92 46 253856 
5 49 965177 
67 56 247626 
22 57 813970 
59 37 295959 
97 44 784212 
48 93 979577 
93 23 643762 
23 62 237496 
32 64 80358 
3 26 646762 
81 58 184330 
43 57 430258 
67 83 68217 
81 73 187855 
63 53 128858 
71 73 551227 
78 20 363796 
78 91 55134 
69 49 585128 
6 47 461440 
5 73 379737 
70 30 573628 
47 48 678248 
48 65 934394 
50 97 357043 
75 29 549419 
54 39 794322 
14 88 787343 
14 32 461655 
84 68 855343 
11 91 368533 
85 77 934983 
97 27 606604 
93 4 408513 
18 83 766824 
50 9 659114 
83 36 457847 
69 28 435297 
78 83 547712 
32 11 387353 
9 16 269152 
35 93 807654 
45 4 376825 
1 54 243541 
63 82 314509 
7 95 935398 
84 41 50874 
29 39 179249 
51 87 746028 
35 17 162384 
27 61 834491 
94 38 838278 
62 19 20071 
9 61 519134 
87 74 294419 
80 59 376659 
20 72 938583 
82 77 657704 
90 68 397879 
60 61 739678 
30 43 963385 
71 24 184214 
49 13 648731 
95 34 693637 
19 36 170738 
4 22 640055 
32 9 709868 
23 96 213298 
63 24 365611 
39 48 310482 
16 6 295236 
61 25 231119 
43 93 270029 
21 59 534246 
58 80 135672 
88 36 52102 
66 4 329727 
67 13 267020 
96 94 548547 
73 52 340002 
74 80 447955 
76 46 167600 
23 37 984205 
83 81 253114 
84 56 381213 
76 81 717167 
75 19 516431 
5 17 21015 
37 14 247531 
5 9 610286 
48 32 977142 
11 57 828511 
5 50 988828 
2 97 706742 
97 4 226464 
71 10 557982 
74 85 543107 
23 8 34497 
29 58 509012 
66 92 988636 
56 25 130555 
28 63 521733 
58 10 391380 
65 35 759398 
24 43 317029 
19 3 800372 
35 90 273486 
48 5 155628 
11 76 970389 
78 43 844104 
52 82 632828 
68 32 801531 
50 46 468796 
86 30 908313 
95 20 448223 
14 86 183999 
80 20 541642 
76 79 840316 
42 60 364084 
47 92 627432 
39 50 468080 
1 66 624455 
58 56 298351 
52 65 247292 
67 48 203400 
2 35 885838 
20 93 702817 
42 29 958746 
49 21 88781 
19 66 342668 
38 71 140277 
34 42 749020 
16 63 506615 
80 36 157232 
89 83 77987 
37 97 315428 
79 74 113188 
4 36 847041 
22 24 19676 
13 31 442000 
82 25 320042 
50 47 519718 
32 50 275314 
44 96 274378 
1 59 620142 
85 27 563665 
69 77 981505 
76 48 449476 
49 79 399762 
8 97 405574 
95 13 229589 
20 94 839188 
4 9 23385 
9 3 386582 
41 79 853858 
64 8 885059 
49 45 136700 
8 53 17274 
75 77 759311 
42 97 410002 
51 23 778236 
5 76 762861 
82 46 487293 
4 59 543079 
1 76 17600 
20 41 643549 
91 63 651843 
77 33 57662 
76 26 76646 
58 52 452808 
29 62 740415 
89 85 320367 
27 80 47132 
69 13 899940 
54 50 204751 
42 40 52154 
33 40 421178 
79 1 652825 
66 64 628115 
36 59 436294 
26 75 356668 
86 34 831852 
55 50 326547 
4 76 659580 
62 59 716823 
93 94 967891 
18 88 260192 
9 69 895518 
43 5 390346 
45 86 538590 
39 62 22013 
27 39 35435 
50 86 456854 
80 8 768227 
41 34 301511 
26 46 871037 
64 83 673432 
94 74 54905 
77 81 165955 
40 72 489989 
96 52 973231 
84 59 288984 
71 7 52256 
3 64 588121 
10 89 770796 
11 75 798292 
9 57 578182 
39 20 55571 
24 41 820195 
11 12 199068 
5 95 129025 
1 30 17691 
65 95 596431 
32 78 95126 
26 20 931536 
52 68 691451 
1 63 900446 
70 61 1650 
1 23 234503 
36 72 914331 
40 2 213447 
9 67 322635 
76 19 612446 
37 45 510064 
52 30 447965 
6 76 531078 
65 83 939688 
19 18 111773 
79 26 916506 
75 31 440199 
26 92 987552 
54 89 719835 
63 37 902689 
55 82 838166 
76 71 234268 
44 93 504144 
62 55 115808 
12 40 271048 
21 53 763643 
84 3 538500 
58 96 320455 
24 38 699958 
48 14 671565 
28 82 11263 
86 80 224946 
83 3 381510 
24 11 367123 
83 66 205398 
7 24 235467 
21 90 114423 
49 44 912653 
53 41 11813 
35 43 932652 
75 69 156792 
52 47 217313 
2 26 138287 
34 19 428910 
21 54 990304 
46 23 434050 
46 60 239035 
97 22 972196 
37 81 948705 
12 69 251022 
54 63 538861 
21 64 226049 
83 70 186189 
16 19 510605 
2 30 671257 
27 45 649014 
26 24 545357 
20 59 564114 
36 21 753123 
31 55 15739 
58 89 778879 
46 5 728569 
21 15 196458 
18 51 106057 
27 75 628811 
33 14 374622 
7 49 190061 
88 87 994866 
97 24 908526 
54 72 410057 
76 45 93570 
61 41 583487 
31 29 192717 
85 33 672687 
10 78 449873 
63 59 780167 
63 42 377966 
46 35 128970 
79 38 741884 
84 94 822893 
18 8 668599 
74 69 789947 
35 66 886992 
93 63 523233 
58 47 769760 
88 82 215138 
15 37 475605 
48 85 866564 
34 57 819425 
12 67 726562 
7 11 288745 
65 20 631475 
32 42 821518 
19 70 175558 
74 36 47593 
27 51 608849 
4 71 809268 
8 42 243069 
31 74 740184 
10 39 396862 
45 2 933275 
76 92 154689 
28 52 838580 
95 39 117719 
74 23 164374 
22 68 652556 
31 23 290418 
30 32 726394 
56 86 261168 
75 25 232526 
81 66 937153 
94 68 961728 
54 83 34612 
27 12 392385 
59 39 96198 
40 91 414463 
49 73 558769 
29 69 807263 
8 6 217635 
78 75 710527 
38 76 9551 
5 44 472959 
69 78 889853 
76 62 797591 
46 79 49354 
33 18 210363 
30 3 318981 
32 23 908364 
21 32 85712 
59 8 633056 
51 54 119543 
90 24 214527 
72 60 946608 
39 5 884184 
30 23 191161 
60 32 173620 
67 77 950631 
55 66 177115 
14 19 186372 
33 38 254014 
28 55 725794 
15 27 689059 
96 1 427702 
96 83 234696 
53 87 485641 
81 94 601197 
41 56 522465 
16 10 81841 
34 51 832430 
80 71 636702 
80 2 586177 
31 96 616162 
91 2 332777 
57 73 425075 
28 83 118002 
15 63 490191 
52 88 550923 
75 34 105199 
68 17 646852 
31 18 698567 
18 36 34632 
57 56 84026 
71 3 739993 
34 46 426829 
89 15 85331 
34 26 544302 
67 2 333791 
27 16 357040 
34 89 94201 
5 13 851021 
18 3 127251 
79 8 527061 
96 55 968195 
14 35 178588 
78 89 554024 
48 89 70367 
89 38 384747 
71 44 355526 
2 42 71911 
92 91 930573 
88 54 879968 
8 46 33974 
64 42 895418 
32 74 980167 
50 4 296191 
7 84 149648 
35 6 421964 
6 55 995626 
59 34 216208 
1 16 816394 
32 90 153797 
7 51 498703 
91 9 728973 
44 16 491776 
20 87 792735 
51 96 393200 
72 88 6459 
13 23 619674 
68 30 206156 
84 57 748133 
4 6 420483 
15 4 384909 
39 58 665167 
5 51 561194 
43 55 784971 
28 8 867263 
96 42 521429 
56 89 432747 
58 86 587083 
48 24 594045 
7 9 916972 
84 6 941048 
11 1 163300 
4 67 290473 
15 81 463919 
61 1 237253 
55 47 311267 
37 24 315100 
9 35 480040 
51 95 74716 
37 54 622863 
67 78 968027 
83 40 134755 
2 84 287 
41 29 979428 
3 10 986148 
14 13 453764 
64 96 228595 
85 4 596727 
23 7 310055 
46 85 993841 
77 78 906991 
89 49 605198 
40 26 493685 
74 71 777219 
16 66 163309 
71 79 431355 
78 66 20968 
38 9 906193 
90 54 80466 
68 37 574297 
60 34 935260 
33 79 880183 
3 75 15863 
89 66 127971 
65 76 401525 
43 64 546978 
72 43 486372 
17 26 68150 
33 74 123162 
70 4 620397 
92 49 805328 
86 5 823568 
84 69 466471 
83 95 71751 
45 17 514221 
32 10 645900 
61 8 639666 
26 81 68176 
50 27 269604 
90 11 110537 
94 56 991674 
95 69 1211 
42 52 776428 
52 80 525835 
50 36 216682 
23 43 84477 
96 32 94856 
92 29 636907 
56 62 638931 
32 19 330989 
82 13 560870 
67 69 288565 
49 97 372674 
52 75 94475 
17 49 228971 
20 63 632795 
85 79 22861 
8 51 540596 
5 22 498825 
73 9 657362 
7 43 505441 
69 81 391575 
90 64 271766 
12 9 484477 
34 21 436637 
96 57 347233 
46 49 953442 
88 97 37208 
76 41 742385 
92 30 540565 
75 82 969169 
49 80 526228 
73 65 393120 
90 69 851732 
83 56 577208 
29 35 761055 
43 73 221536 
80 40 257370 
81 33 38018 
36 92 695000 
12 74 685893 
60 41 594963 
95 94 520813 
41 27 514628 
19 23 471030 
62 9 969294 
86 72 780407 
75 66 304069 
39 22 138002 
96 68 791949 
66 91 693567 
50 24 578197 
54 61 379300 
77 47 484762 
59 24 931766 
9 1 736574 
53 64 170325 
6 74 382789 
15 97 507842 
58 75 640683 
77 84 545086 
31 15 671300 
11 93 758876 
61 32 276918 
54 35 553583 
4 31 228809 
88 62 975118 
66 93 613363 
10 95 490975 
64 19 21086 
89 25 767769 
33 6 649508 
88 17 343441 
52 7 50565 
28 22 640064 
66 36 272198 
61 74 976115 
61 93 468217 
40 27 719745 
45 44 236558 
56 17 772115 
18 79 380119 
97 25 396737 
97 26 604828 
40 6 360564 
93 41 184564 
26 82 284936 
39 77 426377 
85 11 492932 
90 71 604064 
25 26 688104 
72 48 190531 
12 61 700401 
31 53 919808 
87 77 576843 
25 18 314442 
49 56 181026 
69 51 287815 
68 77 153616 
40 59 672496 
31 32 480095 
50 31 141018 
54 57 328153 
97 56 922275 
28 74 378169 
64 13 615851 
37 33 98839 
44 69 330578 
28 77 381288 
12 20 259697 
21 44 95135 
85 93 217169 
28 10 502721 
89 94 545738 
23 14 99467 
74 14 185408 
12 7 771304 
97 45 260743 
9 42 132641 
74 9 500575 
52 89 330371 
1 70 250186 
71 72 797416 
93 71 377001 
38 41 345339 
34 8 60285 
61 36 607838 
16 15 845473 
38 19 23139 
8 30 112144 
42 80 150907 
5 18 538169 
15 87 811417 
90 82 292815 
88 59 147055 
97 69 372952 
71 30 510817 
95 72 230807 
68 54 292916 
84 72 374037 
61 7 739347 
22 26 901486 
12 6 728419 
94 22 523026 
84 25 540373 
76 84 793736 
35 24 201380 
45 91 170081 
7 40 230623 
83 44 964091 
25 1 513911 
91 54 341281 
53 52 425610 
71 89 968777 
63 65 884414 
20 79 53034 
13 29 591396 
16 86 25476 
35 86 29758 
40 54 485956 
3 88 943566 
60 74 22104 
83 4 298568 
92 57 161952 
58 70 766029 
48 63 989882 
35 87 576105 
71 57 38321 
94 46 228127 
73 53 400363 
10 46 82426 
52 94 669762 
49 70 525378 
6 9 300361 
72 31 434742 
21 43 207607 
16 79 258559 
65 42 47958 
75 49 458885 
47 79 614867 
60 55 871990 
63 67 272334 
61 38 130574 
82 58 111986 
1 10 35953 
80 25 725425 
18 75 378715 
69 64 8010 
8 20 710666 
92 10 898104 
10 60 810661 
84 62 442399 
87 25 843086 
43 42 816637 
28 20 884272 
5 29 855685 
38 14 462153 
64 79 810468 
69 7 125624 
89 11 258092 
53 72 82447 
68 46 145486 
79 60 441774 
22 6 658798 
80 24 915254 
64 71 369651 
79 50 507793 
60 63 381647 
60 71 490114 
83 69 425285 
86 91 56475 
68 92 317858 
44 3 481916 
35 45 410217 
62 41 686922 
73 47 837498 
45 61 71448 
37 11 956384 
45 90 63628 
69 59 331185 
17 21 728417 
44 47 338885 
17 41 332037 
43 69 61370 
60 95 540327 
72 74 7823 
45 36 920454 
75 84 194723 
92 65 880328 
65 28 567168 
4 8 835682 
53 36 392553 
12 58 949375 
1 83 549044 
72 51 433789 
51 29 672203 
75 38 939864 
38 66 724978 
48 49 877221 
64 28 99683 
97 77 341612 
57 46 452010 
39 69 696337 
42 79 280070 
40 66 177928 
94 11 683551 
84 15 153523 
89 91 992086 
69 23 752008 
54 49 828044 
95 73 898853 
83 12 180946 
46 11 290331 
24 74 607809 
81 39 89775 
21 51 154904 
14 87 201303 
59 48 843471 
79 15 962857 
8 71 955475 
52 77 659156 
90 29 236176 
10 5 936710 
84 58 573620 
74 88 347115 
55 53 282935 
88 28 945076 
89 3 679382 
74 15 813175 
12 44 397979 
29 87 448318 
30 47 718584 
71 69 388183 
21 11 992462 
62 69 158164 
58 23 348993 
33 93 629354 
8 77 96301 
92 14 26141 
19 77 699410 
72 49 197995 
5 2 126623 
40 84 883212 
81 64 791415 
47 43 585129 
71 78 104434 
78 33 880789 
67 51 188801 
45 87 32901 
88 47 51237 
32 55 764307 
26 69 99769 
95 6 357155 
44 9 929582 
81 95 852093 
23 59 880958 
5 23 462739 
68 55 116184 
86 8 365381 
49 35 198402 
88 27 319651 
93 50 784495 
80 54 805345 
89 35 191044 
2 6 774237 
45 62 49854 
5 4 286841 
20 36 713032 
84 1 143592 
78 21 384479 
48 91 375372 
81 16 464984 
37 80 424474 
61 96 242655 
20 30 833574 
81 84 538137 
70 85 162894 
11 80 31250 
13 48 861990 
7 57 583516 
51 10 901584 
15 23 833452 
95 64 776549 
35 92 281732 
58 62 869734 
2 11 404070 
79 43 257782 
13 47 590936 
52 59 896122 
93 21 799011 
69 31 581467 
27 76 825419 
10 9 832337 
41 66 502153 
8 2 315343 
75 14 207432 
79 36 292363 
67 16 117976 
77 20 494352 
9 72 32628 
62 14 939522 
63 2 466492 
91 26 823076 
75 10 753962 
81 17 160791 
51 65 903415 
34 67 393351 
8 19 218177 
13 58 164303 
39 16 186596 
95 93 988872 
12 72 677287 
31 82 909483 
89 69 46089 
24 8 893021 
13 37 290095 
59 47 33168 
42 47 679165 
26 51 677648 
69 42 796580 
40 68 84372 
88 23 342765 
27 24 22346 
73 35 851083 
18 44 338509 
11 48 520898 
62 20 241245 
30 45 102094 
20 37 471441 
82 17 28027 
69 16 502768 
70 74 607795 
55 36 526764 
88 45 296006 
49 55 188769 
86 27 174781 
64 14 552282 
34 85 552059 
30 48 156354 
47 76 578710 
89 87 612246 
21 79 638178 
29 76 198579 
7 5 825965 
35 15 969540 
75 23 822923 
69 94 611644 
63 5 460111 
20 58 674860 
52 26 436526 
97 57 657594 
73 88 526376 
55 12 510219 
73 29 778146 
6 66 696308 
24 9 442818 
95 30 778846 
11 58 758301 
19 44 868826 
50 95 53888 
75 89 674906 
8 57 988112 
29 26 450871 
6 44 389443 
45 63 738945 
97 9 254007 
49 58 379644 
51 47 527010 
92 95 58308 
76 52 13498 
60 26 944392 
20 3 434532 
90 79 166674 
39 80 863557 
62 94 949058 
90 91 129894 
53 77 73020 
91 97 890566 
75 83 626738 
40 53 435992 
7 45 298883 
92 72 675131 
83 53 487252 
80 64 935783 
48 92 227388 
18 87 388680 
79 11 422025 
66 97 940094 
14 1 414872 
35 67 684048 
34 54 773575 
56 30 734623 
25 3 714185 
37 8 258912 
71 32 18787 
86 9 965555 
38 4 969456 
87 54 406527 
47 74 925520 
94 88 284459 
97 43 449241 
40 34 926430 
25 24 273432 
71 5 577320 
65 27 70490 
22 45 580293 
65 23 938460 
28 47 167682 
89 55 170218 
13 35 395586 
51 31 287746 
19 88 731609 
64 26 896509 
15 73 229042 
63 66 416142 
71 33 216759 
32 47 955174 
31 59 258653 
34 74 738898 
96 41 76620 
83 45 915721 
96 36 254912 
12 87 582576 
8 11 342013 
22 72 355005 
10 35 205500 
46 89 224501 
48 20 585332 
41 59 587470 
44 36 491628 
16 20 73432 
55 23 254444 
41 57 833320 
71 43 243358 
65 57 50963 
94 28 886064 
60 57 551722 
5 14 659587 
91 79 1632 
28 97 278210 
53 32 414883 
91 65 157379 
83 20 502463 
93 3 112218 
82 50 715788 
26 83 289334 
27 48 779037 
81 48 99760 
86 29 108526 
69 4 292821 
77 51 136661 
24 39 551267 
60 12 3425 
30 87 445107 
35 23 4063 
46 96 910021 
17 34 42116 
80 94 941120 
24 83 249424 
85 9 756542 
4 48 993795 
90 66 906440 
61 95 802465 
44 58 833960 
28 4 875824 
42 12 491383 
38 77 41378 
17 66 647385 
5 56 48771 
40 63 149339 
78 1 749107 
74 92 842515 
19 55 572781 
51 85 705367 
75 51 111808 
24 16 444877 
24 88 918986 
86 11 268397 
53 25 594453 
49 12 252738 
52 71 833939 
84 51 125711 
6 65 135807 
82 68 646814 
22 35 16687 
18 15 640191 
6 71 40668 
68 67 757758 
71 47 893005 
56 76 248974 
26 4 701961 
6 27 908852 
85 6 887105 
60 64 27886 
57 1 467991 
53 45 775602 
20 25 699572 
80 5 256870 
24 54 275076 
59 42 149863 
17 7 557163 
2 73 745037 
43 14 676530 
73 93 84796 
91 57 966592 
87 90 394375 
1 8 796609 
68 33 883861 
80 22 546568 
27 54 862152 
93 55 98095 
69 76 881225 
88 79 211099 
40 39 426330 
26 23 42869 
56 4 956045 
65 19 66847 
44 59 16366 
10 14 47629 
28 23 70287 
27 35 591999 
56 15 763842 
53 56 8783 
89 51 939143 
66 51 581830 
53 81 450379 
85 97 931820 
18 72 595394 
77 46 325170 
27 7 136260 
46 95 703596 
96 14 294070 
17 69 480830 
45 9 650879 
25 9 381816 
31 20 180065 
51 25 830153 
70 22 954697 
15 91 704078 
16 77 550044 
43 59 964821 
74 40 47019 
38 78 566530 
75 8 195746 
80 66 384881 
15 47 24582 
95 28 385153 
50 7 933407 
34 48 296973 
37 5 458170 
81 67 243357 
49 19 747745 
5 21 559792 
38 18 452915 
15 78 541411 
67 43 672081 
52 48 300412 
2 23 10962 
56 96 769241 
65 46 878529 
37 41 577633 
29 20 494515 
53 22 323793 
65 3 644141 
41 35 408678 
91 96 814028 
22 88 54428 
30 97 637885 
54 46 683819 
46 83 271993 
31 52 237122 
41 5 703249 
76 55 136395 
95 59 957759 
4 96 65614 
37 72 676582 
62 81 159599 
96 47 622524 
45 77 699167 
93 29 101807 
37 17 704028 
16 94 420732 
70 69 300876 
46 22 537190 
71 1 789411 
12 2 268724 
35 12 193347 
87 97 102090 
57 53 641488 
53 79 955576 
61 76 374973 
55 38 579418 
90 43 126302 
35 44 544510 
64 29 835282 
64 45 16262 
22 10 769420 
47 37 578207 
28 32 839498 
67 61 520454 
31 61 285494 
59 66 470685 
61 71 566999 
21 71 766705 
31 6 458234 
30 27 718617 
14 63 782986 
85 16 248179 
66 60 785313 
6 38 831841 
39 32 976252 
38 51 936654 
63 72 894374 
57 21 687508 
47 89 967434 
66 74 372657 
11 49 760385 
25 47 650173 
42 17 494297 
36 37 699124 
8 43 89290 
70 86 951229 
28 70 534935 
92 18 961140 
7 38 296301 
14 9 298315 
42 37 107024 
87 85 306940 
9 92 620948 
60 25 680149 
40 82 35864 
83 9 308652 
42 19 954773 
62 90 459904 
84 82 247999 
20 24 158182 
70 88 244324 
75 74 981594 
87 17 749369 
12 29 43892 
18 43 545191 
16 89 903610 
69 20 315955 
50 76 193037 
20 82 570830 
13 84 764284 
71 17 936001 
9 31 846719 
34 79 41449 
97 73 214034 
87 28 977626 
47 49 418665 
53 89 586076 
37 19 933172 
93 31 661793 
53 78 593135 
49 51 314652 
79 56 346813 
79 29 371511 
52 37 585099 
13 75 621002 
65 64 665528 
50 22 637061 
34 80 813711 
74 86 625684 
75 48 112474 
73 14 984713 
45 72 87962 
4 17 112975 
70 25 569830 
73 89 820216 
93 96 529568 
76 87 507272 
94 45 900569 
31 83 895622 
88 7 867731 
22 15 273605 
11 9 556154 
66 96 184299 
11 14 145904 
21 4 910165 
23 4 437965 
29 56 749556 
59 64 981319 
17 72 824145 
37 60 22939 
44 72 913664 
42 13 517681 
8 89 590291 
49 8 939854 
77 7 319457 
87 48 991026 
86 87 179570 
42 58 238619 
64 41 104899 
91 31 698959 
57 75 355739 
46 24 118778 
5 75 413400 
34 49 253894 
93 2 512264 
46 40 491650 
16 32 567071 
76 91 235391 
78 9 33665 
70 27 957526 
87 21 876163 
12 14 400620 
75 24 715548 
8 16 566090 
34 15 966992 
18 56 269273 
63 77 278349 
12 3 971249 
13 86 311715 
48 3 140606 
39 97 109740 
29 72 532147 
55 74 93312 
90 50 830860 
2 49 684387 
45 82 856954 
61 22 67411 
29 14 124023 
10 8 861873 
37 40 29335 
80 57 98270 
16 59 514703 
30 59 65837 
73 51 77333 
27 83 422077 
10 29 735260 
14 65 333320 
10 61 496573 
74 67 876688 
97 34 5771 
51 24 690116 
7 97 138145 
68 38 99109 
70 81 658532 
53 43 922586 
91 80 479401 
74 65 761504 
24 6 590523 
70 76 527909 
49 25 593286 
51 64 124431 
28 13 93031 
21 94 850354 
97 70 615920 
22 73 540087 
72 52 990500 
70 12 487889 
95 63 265024 
51 90 408024 
29 22 802087 
44 8 271032 
62 63 593824 
65 94 422887 
48 64 336492 
7 60 123368 
43 58 945699 
55 21 867106 
63 26 281855 
9 34 247564 
7 44 47858 
31 11 757524 
8 15 430844 
73 20 238427 
93 83 864170 
1 21 623871 
14 84 648815 
1 58 344777 
67 3 457340 
18 42 309890 
2 68 936709 
25 41 336420 
85 92 951465 
39 73 294216 
84 37 618664 
77 30 753038 
7 48 376927 
78 46 123489 
7 81 432221 
50 61 486477 
77 31 914855 
93 59 172784 
87 82 136554 
68 85 936178 
45 70 349720 
88 86 381860 
35 75 762768 
4 25 631098 
36 17 842311 
3 1 481513 
39 9 47869 
56 43 32147 
35 25 669083 
56 50 558321 
25 10 273050 
8 52 647791 
83 37 89455 
39 18 840355 
41 33 26354 
95 91 463724 
41 28 18598 
1 94 10940 
29 9 692769 
18 86 937430 
64 4 63605 
86 61 278889 
45 68 357786 
37 65 824955 
30 10 186285 
28 78 785124 
14 56 309792 
72 21 768143 
47 93 83265 
43 65 457458 
33 52 272179 
11 30 381476 
59 15 23537 
67 38 913294 
89 1 59820 
24 96 962495 
49 60 272399 
91 87 993714 
59 74 212424 
37 90 433931 
82 33 499155 
76 12 11762 
20 64 877660 
4 86 96426 
39 23 834339 
1 43 161759 
28 6 373317 
85 41 627694 
54 60 632244 
73 45 493417 
73 32 638670 
86 76 266828 
59 81 840864 
42 6 698000 
94 54 381525 
33 45 117233 
59 65 377577 
12 8 384805 
77 24 573113 
16 55 598106 
69 85 921333 
57 64 574365 
3 38 868189 
37 9 71149 
85 19 193056 
69 60 65624 
93 70 303220 
76 80 373504 
5 90 770647 
75 80 214439 
68 23 786601 
45 65 420624 
62 97 411004 
39 25 800226 
47 10 415908 
39 68 860177 
97 36 900900 
74 13 164176 
32 59 209795 
39 30 465518 
28 66 81734 
72 59 108322 
33 65 8773 
35 71 570322 
70 14 182145 
16 12 549336 
70 92 358164 
17 90 617495 
43 17 625590 
55 97 966668 
66 10 552177 
46 20 188012 
89 6 607480 
71 23 251112 
22 44 345192 
60 80 227613 
15 50 609987 
2 88 616806 
51 44 288332 
38 27 27724 
48 29 896482 
65 49 644051 
57 23 513472 
73 59 594267 
55 90 713408 
4 44 233433 
74 39 220500 
24 49 799712 
52 69 817242 
25 16 734756 
51 46 86535 
30 5 882416 
54 25 706249 
10 26 392058 
56 10 365767 
64 78 454088 
38 31 278290 
95 33 927759 
22 12 555036 
58 61 953489 
1 32 804264 
52 16 33278 
85 15 995243 
8 58 535091 
8 13 449327 
78 4 74377 
11 3 72239 
11 45 90263 
52 24 111750 
9 15 315979 
47 65 361004 
44 50 701609 
75 61 170485 
27 63 593421 
75 63 280825 
15 96 336658 
50 65 180080 
38 91 342355 
87 23 802529 
34 70 931938 
69 50 99448 
62 38 63034 
56 59 15048 
51 9 775861 
77 70 438938 
78 3 581053 
45 60 914808 
14 50 62661 
16 45 339015 
60 90 67931 
96 29 9485 
90 25 147411 
26 53 446908 
29 17 377281 
65 4 73635 
73 12 688966 
33 22 692945 
24 47 594189 
47 33 145319 
5 54 485231 
30 93 283506 
1 12 701129 
15 17 200697 
16 74 200036 
53 38 130874 
26 9 749113 
4 29 323476 
43 19 31696 
23 91 520578 
37 29 560096 
57 52 703885 
66 56 528601 
55 9 606559 
68 65 253863 
66 31 799680 
26 93 275064 
38 15 274142 
64 22 17939 
51 13 766871 
19 12 667315 
71 65 356390 
55 27 436705 
25 19 563336 
40 65 580450 
27 89 392511 
16 26 905689 
13 57 106854 
38 8 139760 
94 23 365795 
60 27 979812 
89 68 317492 
15 26 113318 
14 82 884069 
33 35 503381 
81 8 236633 
51 20 112645 
16 46 580419 
86 65 958400 
38 11 117005 
19 97 732302 
26 38 804259 
75 46 207753 
14 76 111707 
83 47 899111 
78 60 912007 
84 78 554598 
33 39 505751 
49 1 834693 
45 79 523391 
66 67 638180 
95 56 321469 
34 92 895734 
57 28 816804 
37 4 61014 
10 4 450955 
78 65 807028 
92 94 938891 
77 10 676467 
75 65 883797 
45 15 430396 
1 44 541771 
32 3 833185 
49 87 321970 
66 84 101548 
64 31 216268 
97 68 50616 
35 96 985871 
92 71 767134 
42 10 532942 
16 80 250258 
4 92 212885 
58 30 486904 
30 40 968045 
97 94 190639 
58 87 865210 
6 54 325193 
92 79 408383 
46 72 332367 
35 53 200226 
93 9 309270 
58 85 67632 
69 48 177711 
81 71 262709 
97 20 752877 
56 60 269172 
52 79 838619 
85 20 436241 
62 1 288749 
37 64 975781 
71 39 270103 
2 71 753537 
13 36 169764 
87 11 285823 
18 22 788380 
69 87 825844 
2 60 216486 
3 70 851923 
42 84 932020 
19 40 163936 
71 68 372380 
55 73 978268 
88 1 305474 
79 80 330085 
83 57 67917 
50 12 127153 
68 83 400331 
23 95 384937 
1 20 792135 
82 8 611522 
87 63 683059 
79 89 3938 
16 60 90326 
88 92 39072 
7 32 44828 
43 32 766291 
22 32 198668 
4 16 21852 
20 2 864503 
88 42 538528 
54 71 199768 
40 67 119335 
79 24 526809 
45 23 41926 
81 41 727225 
78 72 933608 
97 12 735076 
10 69 600275 
79 61 663672 
59 29 93293 
51 80 827238 
15 88 751511 
96 9 3374 
87 46 159875 
89 88 718701 
25 77 12431 
40 62 106102 
23 6 9719 
61 63 684198 
23 80 147914 
97 10 850495 
91 50 252307 
55 65 235589 
22 34 801569 
96 11 424908 
36 29 278033 
20 35 292120 
78 5 13569 
9 65 576699 
28 81 291837 
17 24 91685 
5 45 464213 
14 61 792402 
28 40 185977 
8 17 686179 
42 7 80307 
7 28 644112 
37 7 977902 
34 37 617698 
33 88 4008 
35 62 789999 
89 7 593660 
75 21 222123 
50 74 479039 
65 38 359946 
44 10 988710 
55 34 517488 
43 51 172737 
57 6 477084 
31 63 105032 
35 88 892867 
41 49 158848 
68 44 877398 
8 85 839246 
57 58 574149 
67 75 390230 
21 25 192022 
27 93 508114 
29 78 142536 
53 16 358924 
84 47 164340 
29 33 856985 
52 13 947838 
58 54 827491 
56 34 88533 
96 19 239433 
67 72 210608 
42 48 464498 
78 40 768172 
78 54 113441 
46 3 158141 
58 65 180030 
54 41 505916 
82 9 43217 
29 74 514689 
73 85 194962 
91 19 250111 
56 6 108482 
62 71 225746 
82 42 893793 
67 31 537517 
29 45 959136 
50 51 284591 
43 87 899949 
6 26 156838 
57 74 678561 
66 43 185172 
97 11 598515 
91 51 996747 
68 56 815709 
58 25 645517 
44 41 758588 
64 85 930010 
15 54 402601 
94 26 607059 
53 66 834994 
34 83 477839 
44 26 800021 
15 71 299918 
20 71 694144 
72 82 980990 
42 33 380460 
30 37 505384 
26 57 14868 
53 50 681406 
74 49 975698 
48 54 768548 
91 84 495457 
20 84 159529 
52 43 338722 
96 59 861365 
88 61 361608 
93 76 309563 
87 52 250515 
92 32 456732 
9 64 919853 
26 31 257486 
90 53 880177 
62 74 786063 
16 40 662216 
6 34 308908 
87 2 802925 
37 26 393010 
18 66 121228 
22 84 664380 
11 71 563244 
74 63 24214 
90 92 289721 
6 15 158539 
95 35 115619 
88 40 578902 
22 11 668216 
36 24 917059 
76 58 888947 
71 13 885245 
55 14 986792 
2 37 788567 
21 67 76904 
53 13 938886 
25 91 755354 
13 20 357075 
12 26 785446 
93 92 741682 
31 35 831738 
50 19 277885 
80 29 971303 
81 74 322733 
26 48 890929 
95 76 808912 
76 21 137192 
78 8 560949 
66 82 130086 
70 31 875126 
50 34 624851 
17 73 516849 
77 12 805811 
86 68 363214 
59 33 213218 
95 96 846653 
21 42 522403 
48 73 149127 
7 86 730240 
3 69 153135 
27 31 589022 
64 94 990178 
74 82 225690 
43 22 479559 
43 4 782915 
3 55 731780 
24 18 970501 
5 52 319702 
53 7 962460 
36 2 380115 
30 50 17245 
78 16 210885 
6 70 128297 
20 70 753567 
37 96 440735 
28 1 780358 
60 3 336261 
78 73 480921 
22 13 866447 
15 29 765977 
88 84 26907 
2 31 889686 
39 72 349317 
81 34 562312 
23 82 516366 
62 47 605384 
15 19 567161 
77 32 255261 
31 62 167213 
43 26 901444 
71 95 777344 
20 96 396392 
93 67 569954 
90 88 92695 
40 79 138913 
97 90 16778 
84 46 94340 
37 44 366839 
21 40 512106 
48 97 78178 
46 45 822005 
39 35 64698 
12 92 531670 
30 67 360734 
79 30 548521 
17 54 275461 
88 10 181889 
9 53 322845 
51 83 468685 
65 85 681678 
53 23 887519 
2 61 376436 
88 38 907211 
79 22 742048 
61 66 166422 
90 93 439249 
90 95 559035 
92 89 134532 
81 47 151265 
3 81 105564 
18 32 698080 
83 61 333176 
59 57 193228 
46 33 129244 
70 16 309816 
42 70 379800 
86 43 521935 
86 53 338708 
80 68 296640 
47 5 757292 
81 78 24258 
46 70 685415 
87 3 415260 
56 77 211970 
58 66 507446 
90 36 894721 
39 78 190920 
38 69 751115 
50 78 675749 
46 73 750843 
86 10 901110 
67 17 12236 
71 34 36134 
34 44 991169 
97 46 284156 
49 86 233675 
82 30 768343 
48 77 505595 
84 95 561345 
23 21 193265 
2 82 117186 
66 54 233558 
52 12 465459 
90 19 254329 
64 27 943409 
82 48 879953 
69 19 634617 
45 48 757962 
83 52 310806 
43 20 386421 
73 10 782724 
90 86 305673 
36 95 169376 
86 59 740541 
26 33 933242 
54 3 541548 
49 32 922791 
44 81 324491 
33 66 681790 
79 68 179515 
87 7 93453 
59 54 251317 
5 92 901579 
91 73 223678 
50 83 474190 
3 31 368271 
51 61 625584 
13 34 132379 
58 28 455213 
29 88 151487 
91 77 522285 
43 25 281743 
60 21 245448 
77 65 237400 
66 52 65848 
77 80 286133 
16 75 886059 
55 45 258234 
78 63 393861 
52 20 804213 
70 68 704607 
79 58 867424 
74 38 198110 
35 64 464118 
16 33 87558 
25 8 910754 
16 14 908497 
1 22 228190 
39 53 472517 
27 68 905700 
35 58 864066 
13 21 890978 
60 6 432043 
12 82 720444 
84 50 789385 
27 5 899675 
42 83 930038 
34 27 267501 
79 96 388672 
93 86 500635 
14 21 889837 
74 42 899789 
69 91 486888 
21 48 738108 
58 7 275529 
9 52 510513 
88 91 663244 
86 62 445777 
24 45 564747 
64 86 415991 
80 97 799404 
6 43 624691 
72 90 872577 
33 8 467975 
81 85 610153 
34 11 977242 
34 52 818309 
27 1 363814 
14 41 399735 
49 66 838127 
26 42 720129 
60 91 126316 
59 89 465753 
46 71 38622 
39 87 274327 
6 39 566087 
75 60 720679 
80 88 734258 
17 59 836051 
33 34 311012 
11 44 289111 
24 67 79767 
94 58 843666 
37 18 452555 
39 7 407522 
3 57 916082 
34 87 245805 
55 64 810204 
40 87 170807 
58 2 375844 
21 68 277949 
40 9 729956 
51 59 795967 
33 19 726287 
9 19 498287 
19 67 433446 
35 11 625672 
12 37 820942 
8 9 54557 
96 34 436979 
41 26 136741 
34 28 898196 
88 16 536980 
67 82 179144 
44 57 853960 
24 28 954094 
33 69 655151 
86 36 716873 
25 72 413648 
37 31 343994 
61 44 745072 
93 64 692103 
49 59 137063 
59 19 769378 
79 13 514336 
54 22 144741 
5 31 770309 
65 60 691560 
47 8 807965 
85 63 45326 
30 83 466663 
14 85 346326 
87 56 914931 
44 60 701582 
92 41 644338 
30 64 882083 
85 29 655216 
75 94 379772 
34 73 130123 
23 79 122544 
68 35 463872 
47 82 542491 
53 33 732709 
50 6 258950 
55 95 842201 
8 88 868415 
85 36 660666 
46 80 653208 
30 41 490205 
24 23 187742 
40 31 301649 
89 74 784152 
62 32 910534 
37 62 202938 
4 63 985909 
57 10 555265 
91 37 77643 
5 25 532713 
21 39 99296 
77 95 336227 
25 93 533608 
39 17 904010 
60 59 507095 
38 64 706366 
36 42 61003 
80 65 914537 
85 71 200806 
52 84 573322 
87 96 43405 
10 84 647657 
3 27 985584 
31 7 405807 
23 60 578872 
16 83 859898 
93 1 873331 
55 33 284777 
12 38 419888 
34 69 897363 
42 72 888420 
23 90 585315 
62 54 774474 
36 30 192361 
83 33 786550 
96 74 248843 
53 65 365402 
27 52 414300 
38 63 461506 
22 87 910768 
28 90 950722 
75 93 56441 
44 43 956253 
45 32 417245 
25 6 401050 
79 84 648394 
69 79 140462 
62 93 575281 
49 62 819034 
13 94 795435 
55 44 141383 
66 23 466557 
10 38 691860 
53 17 900779 
93 68 13521 
50 23 132492 
35 74 156975 
90 12 190122 
79 87 620110 
55 24 5881 
39 60 788995 
10 54 652741 
56 85 475839 
27 74 99983 
21 80 613608 
43 85 635750 
38 17 118487 
16 31 934425 
74 45 21254 
11 40 101983 
33 24 706669 
72 34 822949 
60 58 677043 
85 94 792592 
13 41 290682 
6 86 547199 
47 20 816212 
21 70 393328 
40 97 815860 
35 21 459076 
26 36 987168 
90 38 975366 
54 74 463127 
9 63 113166 
18 82 106576 
66 8 907718 
90 10 949223 
77 71 762451 
65 7 389108 
19 41 688522 
79 67 309485 
37 6 683370 
22 81 114465 
54 67 835796 
63 83 837797 
80 53 733202 
62 46 909747 
44 14 149802 
77 13 619104 
49 9 753583 
41 94 895468 
75 72 197102 
75 70 171682 
89 44 804951 
62 17 971443 
14 79 745002 
56 51 814620 
90 80 881401 
66 3 111180 
87 38 339198 
21 28 176729 
3 68 156762 
81 54 158554 
39 64 123861 
3 96 145678 
15 68 34282 
66 50 803314 
18 63 536445 
6 58 714615 
34 61 931190 
44 13 390572 
77 72 724620 
60 47 142307 
86 63 574917 
19 24 991123 
16 68 572029 
27 23 948994 
10 59 622811 
43 81 911485 
83 90 295584 
62 24 716991 
60 94 376649 
50 81 711581 
44 62 275006 
71 66 958041 
39 26 786257 
49 71 268938 
44 80 764078 
34 78 281864 
89 12 743102 
61 16 25221 
49 81 844337 
64 82 648666 
74 97 761758 
91 74 298379 
65 66 582395 
11 5 126710 
38 86 974543 
30 53 925871 
15 25 294290 
77 62 720207 
21 96 634739 
55 26 385453 
49 29 930747 
83 85 785185 
86 95 857937 
33 58 264764 
1 45 333723 
68 36 424248 
95 85 107832 
61 35 989487 
65 31 897274 
61 47 214357 
96 33 402079 
33 80 754009 
79 81 84935 
81 14 546666 
70 54 173235 
58 40 908395 
90 14 108558 
13 33 501633 
93 74 474699 
12 71 670550 
84 34 34868 
84 54 237511 
37 58 461144 
76 96 225248 
53 42 857655 
20 10 163749 
54 65 631082 
7 94 589337 
86 54 717475 
18 23 226470 
28 29 723378 
86 19 722240 
39 37 374290 
28 96 477190 
53 44 950486 
10 36 849953 
12 46 270681 
38 50 79251 
66 22 518995 
18 74 733490 
47 57 277052 
80 56 52954 
24 21 620634 
28 76 26488 
10 72 5085 
6 94 423481 
93 88 604918 
8 21 120538 
26 96 305744 
3 97 584596 
75 47 559996 
84 53 862196 
55 48 107015 
74 52 200370 
12 54 33146 
13 85 695231 
25 44 568709 
4 20 983171 
43 88 132276 
85 88 157183 
69 88 125600 
50 68 809378 
52 4 174831 
57 16 137149 
10 55 353068 
62 22 848217 
33 49 799900 
69 37 250939 
54 75 310143 
39 31 75944 
6 20 970922 
81 40 820449 
56 21 949023 
27 62 825474 
82 89 69664 
56 55 896199 
46 55 432927 
38 57 637291 
11 92 449139 
47 23 386649 
6 82 57406 
43 77 147714 
87 10 960754 
26 62 393959 
64 11 222337 
50 17 314108 
1 72 550453 
23 11 313712 
63 88 141385 
53 97 284394 
75 73 110769 
94 14 592200 
41 15 793655 
22 49 606288 
62 78 20387 
12 84 609759 
1 55 32021 
71 56 56722 
53 59 409544 
6 45 970585 
55 69 846927 
23 63 409511 
38 44 754612 
78 18 714761 
33 62 698166 
82 92 570454 
88 58 246270 
43 37 874592 
26 70 157713 
46 63 334006 
8 96 253207 
2 72 456512 
65 84 767539 
7 1 537330 
50 26 710473 
82 7 402925 
44 33 699220 
84 97 740078 
62 61 543561 
25 85 615659 
20 18 541144 
44 90 796797 
49 38 475685 
3 43 143395 
80 70 678183 
73 84 343030 
15 80 546762 
33 61 9141 
92 19 479361 
79 4 565991 
39 96 738168 
95 37 20797 
5 36 856835 
7 21 47671 
50 72 757529 
5 93 761887 
4 62 956451 
24 56 951262 
87 41 11083 
7 10 320958 
42 4 51390 
62 75 151101 
80 89 863623 
43 95 504124 
73 80 138311 
15 24 636108 
61 90 914208 
57 20 360900 
55 51 528335 
78 17 507064 
17 57 623833 
47 68 100693 
61 43 116553 
84 36 482905 
74 44 699070 
46 28 370063 
