96 189 0 522407 37 
35 13 769585 
36 13 870364 
36 35 663841 
64 35 419367 
36 64 490598 
36 50 700528 
64 50 732498 
64 55 787401 
55 50 927958 
41 50 826958 
41 55 304960 
82 55 210966 
82 41 886244 
41 66 767144 
66 82 262815 
82 52 371528 
52 66 665270 
66 22 424140 
22 52 393868 
52 40 240158 
22 40 638543 
67 22 504840 
40 67 640858 
40 76 180173 
76 67 896081 
67 21 130938 
76 21 933488 
76 42 574018 
42 21 198002 
21 8 495917 
8 42 916585 
73 42 601800 
73 8 974588 
92 8 272732 
73 92 963601 
63 73 884433 
63 92 757018 
84 92 342216 
63 84 309165 
63 94 339635 
84 94 664484 
16 84 667597 
94 16 88562 
94 47 746040 
47 16 590458 
69 16 113753 
47 69 234047 
7 47 46137 
69 7 851367 
30 69 553514 
30 7 795985 
20 7 674367 
20 30 770407 
95 30 679406 
95 20 796967 
20 70 299621 
95 70 109645 
81 95 395110 
81 70 951545 
10 70 37237 
81 10 42527 
81 23 941827 
10 23 685869 
31 10 194633 
31 23 640377 
39 23 752782 
39 31 849513 
31 32 732704 
32 39 521820 
39 24 552139 
32 24 146378 
61 32 726196 
61 24 9851 
38 24 296703 
38 61 835576 
43 61 567525 
38 43 806662 
9 38 630829 
9 43 569963 
60 43 394272 
60 9 601115 
9 28 961501 
60 28 542526 
60 58 152293 
28 58 432059 
28 45 290262 
58 45 945989 
58 12 694463 
12 45 852282 
45 62 721643 
12 62 914228 
12 11 921630 
11 62 300024 
85 62 172872 
85 11 636647 
11 74 777397 
74 85 268402 
25 85 198698 
74 25 139188 
86 74 276518 
25 86 127171 
25 68 142544 
68 86 753801 
48 86 92281 
48 68 171350 
15 68 980681 
48 15 448335 
48 29 800375 
29 15 911370 
89 15 779975 
89 29 623424 
29 26 880884 
26 89 693602 
89 56 756569 
26 56 838529 
26 80 764298 
80 56 218855 
3 56 607595 
3 80 557357 
80 37 257586 
3 37 733420 
3 34 521865 
34 37 202269 
44 37 560823 
34 44 496098 
72 34 787569 
44 72 471569 
19 44 878273 
19 72 670891 
57 72 577882 
57 19 440578 
90 19 356384 
90 57 227179 
57 88 420111 
90 88 495074 
90 18 501134 
88 18 253532 
6 88 110567 
6 18 629025 
18 5 350837 
5 6 145228 
1 6 882966 
1 5 39623 
5 65 580832 
65 1 106078 
91 1 494615 
91 65 77927 
65 79 784324 
91 79 408425 
87 91 280879 
87 79 404317 
51 79 741623 
51 87 317090 
59 87 670688 
51 59 29211 
51 4 825337 
59 4 582844 
53 59 55926 
53 4 525204 
4 96 826514 
96 53 68405 
17 53 319743 
17 96 190291 
71 96 669047 
71 17 966698 
17 75 542596 
75 71 373531 
71 77 775191 
75 77 611188 
75 93 511394 
93 77 300792 
78 77 986835 
78 93 735322 
93 83 478554 
83 78 213669 
78 49 763351 
49 83 732665 
83 33 699370 
33 49 883704 
2 49 562822 
33 2 84343 
54 33 402673 
2 54 899364 
14 2 771763 
14 54 40934 
54 27 840428 
27 14 852279 
46 14 648480 
46 27 971198 
