98
50 43 
57 28 
65 92 
45 48 
61 55 
72 73 
91 37 
90 98 
80 74 
84 44 
96 64 
4 23 
5 68 
19 41 
62 11 
66 10 
15 54 
93 54 
39 70 
66 52 
92 45 
78 49 
18 12 
47 56 
79 22 
43 17 
80 34 
53 19 
21 88 
38 95 
32 44 
46 56 
29 15 
33 30 
9 74 
59 86 
60 16 
94 42 
13 36 
63 82 
25 8 
51 60 
88 7 
63 39 
85 41 
89 52 
3 67 
46 20 
59 29 
5 47 
87 8 
98 73 
38 57 
97 11 
89 40 
35 70 
71 24 
62 28 
81 36 
50 30 
32 34 
71 58 
46 96 
77 26 
78 21 
94 4 
33 2 
65 27 
77 69 
83 55 
35 95 
75 58 
42 91 
18 67 
31 23 
82 81 
76 68 
97 51 
48 24 
40 1 
64 1 
10 93 
6 76 
26 90 
9 61 
84 14 
2 69 
16 27 
13 72 
22 12 
86 53 
37 49 
17 25 
14 6 
87 79 
83 31 
3 7 
1
41 
