96
95 48 
24 60 
62 26 
93 84 
71 87 
90 61 
95 9 
95 80 
95 71 
64 37 
88 43 
95 54 
66 84 
12 8 
57 43 
91 30 
41 95 
10 73 
95 70 
44 95 
93 24 
95 14 
95 5 
2 4 
17 16 
47 95 
84 23 
74 52 
85 95 
95 51 
59 95 
21 38 
50 31 
95 50 
68 42 
27 80 
49 25 
91 58 
79 28 
95 13 
24 9 
96 95 
86 95 
95 89 
29 90 
33 46 
61 95 
95 74 
41 10 
11 95 
53 41 
95 77 
49 24 
57 39 
95 22 
75 95 
95 3 
64 95 
81 11 
36 69 
67 95 
1 95 
72 7 
57 78 
6 95 
95 32 
46 12 
63 55 
17 24 
12 24 
35 15 
16 58 
42 95 
24 88 
19 32 
21 94 
70 82 
83 24 
95 26 
95 92 
21 20 
7 95 
9 28 
95 56 
40 87 
95 45 
76 95 
95 18 
89 69 
95 65 
31 20 
15 95 
75 55 
34 94 
95 4 
1
95 
