1000
175 828 
723 77 
676 796 
148 749 
862 434 
583 490 
779 55 
962 763 
772 926 
424 627 
856 198 
614 635 
16 501 
534 241 
130 320 
402 711 
64 131 
820 270 
399 425 
139 346 
833 878 
319 753 
125 978 
138 761 
437 624 
537 9 
286 961 
979 965 
987 493 
359 757 
194 46 
58 60 
153 226 
605 550 
540 971 
407 613 
387 548 
621 575 
682 537 
615 259 
793 76 
699 458 
75 321 
455 219 
415 106 
201 733 
446 150 
90 345 
256 246 
363 815 
900 154 
691 588 
470 369 
670 972 
343 546 
483 542 
694 183 
581 295 
101 806 
462 873 
247 661 
697 567 
724 233 
802 135 
816 280 
794 447 
254 224 
209 330 
558 384 
955 553 
119 416 
112 297 
822 622 
485 239 
195 686 
429 887 
382 857 
693 342 
677 268 
741 804 
388 435 
397 963 
738 767 
391 258 
193 241 
684 245 
529 108 
630 684 
786 373 
893 692 
175 902 
394 840 
588 477 
834 67 
409 816 
773 361 
122 849 
594 554 
7 631 
214 859 
370 885 
795 65 
616 558 
109 756 
604 603 
956 657 
715 231 
9 872 
249 287 
317 839 
420 564 
814 52 
83 574 
876 654 
426 972 
620 830 
736 674 
668 377 
994 325 
708 701 
262 997 
161 861 
291 389 
929 185 
301 411 
592 374 
167 12 
146 660 
944 350 
133 231 
902 449 
711 366 
433 641 
489 764 
491 27 
551 202 
529 425 
25 566 
750 675 
292 851 
325 349 
316 824 
823 889 
918 853 
69 795 
809 767 
828 402 
266 725 
988 289 
128 347 
158 350 
523 998 
782 995 
206 163 
10 354 
607 567 
713 738 
287 619 
162 105 
778 149 
646 456 
829 521 
811 409 
650 683 
766 137 
698 314 
127 185 
583 379 
339 842 
948 457 
982 57 
99 384 
203 707 
579 801 
595 511 
328 890 
671 45 
102 196 
333 627 
473 312 
633 283 
860 198 
774 288 
298 331 
6 362 
561 343 
48 522 
656 899 
925 866 
3 144 
312 688 
975 234 
969 223 
1 774 
628 860 
264 381 
377 921 
344 958 
386 317 
601 953 
878 492 
782 535 
766 142 
980 447 
58 747 
851 290 
899 863 
783 596 
468 222 
715 423 
716 486 
817 223 
182 751 
618 999 
710 507 
135 707 
199 368 
115 989 
836 629 
912 837 
390 11 
15 524 
852 353 
211 286 
36 935 
780 319 
821 805 
721 456 
951 527 
603 734 
525 166 
574 444 
331 661 
43 314 
531 679 
172 665 
318 689 
439 118 
669 589 
754 995 
95 939 
634 142 
59 293 
964 687 
875 181 
170 922 
497 889 
745 114 
19 894 
702 911 
505 736 
253 114 
70 503 
670 792 
72 326 
179 242 
132 608 
910 255 
78 609 
824 721 
652 93 
597 82 
155 81 
309 208 
783 807 
534 464 
196 685 
52 619 
614 163 
20 540 
134 913 
75 19 
806 498 
392 576 
234 219 
208 332 
392 976 
982 523 
514 677 
961 85 
342 649 
796 924 
968 639 
897 109 
976 299 
665 261 
584 393 
164 913 
562 640 
960 180 
831 616 
443 298 
903 138 
277 544 
998 657 
572 39 
307 225 
1000 107 
720 294 
482 440 
365 484 
527 90 
225 421 
71 855 
281 612 
516 483 
360 533 
943 371 
553 905 
980 520 
856 698 
81 111 
176 271 
643 762 
848 891 
565 645 
704 993 
680 448 
184 618 
818 385 
743 404 
761 536 
508 891 
900 710 
696 839 
538 222 
97 801 
777 102 
257 983 
666 842 
253 360 
978 954 
987 751 
262 125 
701 776 
151 239 
784 633 
276 266 
526 244 
167 799 
155 252 
147 25 
746 548 
812 716 
413 739 
727 775 
310 658 
886 288 
636 36 
563 336 
165 872 
47 422 
463 261 
53 417 
827 735 
250 406 
967 776 
580 220 
257 932 
191 130 
922 937 
831 229 
954 366 
908 226 
724 480 
332 728 
22 515 
515 800 
629 933 
465 304 
485 524 
797 544 
531 13 
811 955 
334 117 
8 637 
411 204 
791 227 
251 714 
917 335 
810 38 
729 999 
506 173 
877 136 
859 427 
911 237 
111 496 
680 916 
126 238 
35 651 
952 3 
908 979 
38 335 
285 602 
773 566 
758 966 
35 681 
749 84 
232 273 
906 938 
502 587 
340 134 
67 597 
986 517 
983 507 
488 349 
207 510 
521 159 
486 238 
611 778 
398 192 
390 469 
799 158 
513 871 
249 586 
166 894 
120 500 
103 77 
195 573 
99 841 
569 194 
64 100 
615 87 
355 136 
187 879 
54 306 
273 735 
378 861 
393 279 
92 743 
704 934 
354 79 
227 522 
50 346 
768 793 
628 205 
678 888 
100 296 
481 866 
281 525 
727 499 
606 284 
648 714 
407 870 
186 925 
174 21 
694 418 
428 292 
182 926 
511 880 
201 598 
243 918 
364 605 
131 370 
442 785 
32 664 
550 1000 
419 985 
414 576 
555 873 
993 20 
719 886 
232 10 
217 378 
115 146 
487 435 
591 128 
147 308 
224 552 
924 358 
63 788 
193 750 
880 110 
189 432 
398 85 
74 220 
517 690 
451 592 
55 351 
357 794 
152 785 
164 34 
503 416 
243 705 
110 974 
92 310 
752 587 
156 83 
382 939 
647 267 
197 703 
240 695 
466 623 
742 143 
943 165 
229 543 
279 391 
770 265 
381 361 
518 57 
410 655 
104 575 
95 443 
193 303 
236 210 
291 380 
609 985 
106 460 
101 44 
321 178 
610 70 
887 88 
400 145 
301 992 
336 946 
461 178 
214 171 
120 352 
919 869 
478 968 
600 557 
606 259 
505 445 
24 18 
105 140 
250 86 
417 957 
320 956 
177 656 
748 549 
843 308 
718 39 
24 725 
833 953 
974 732 
96 556 
853 556 
401 296 
844 406 
827 700 
475 477 
590 706 
821 278 
270 929 
73 575 
216 626 
947 693 
938 97 
752 984 
267 61 
218 179 
705 282 
858 51 
718 779 
491 149 
990 854 
577 98 
436 973 
530 578 
408 144 
747 636 
488 173 
31 500 
355 879 
862 674 
403 255 
260 43 
412 741 
284 989 
340 817 
188 86 
950 129 
29 846 
930 209 
907 497 
901 410 
62 947 
768 683 
17 372 
348 299 
160 478 
307 658 
121 719 
171 467 
706 876 
850 452 
555 964 
441 204 
481 380 
389 200 
864 672 
756 30 
617 369 
625 832 
959 159 
945 103 
459 848 
841 32 
997 318 
457 151 
813 236 
849 322 
541 975 
203 432 
792 884 
427 313 
904 154 
487 212 
160 233 
248 423 
465 466 
62 454 
825 217 
790 472 
268 76 
760 691 
365 475 
449 470 
338 695 
329 957 
40 379 
492 663 
328 72 
422 444 
119 5 
438 748 
482 631 
809 760 
460 655 
133 708 
804 289 
898 819 
830 333 
448 426 
305 490 
668 646 
442 161 
601 690 
868 44 
207 221 
172 180 
914 337 
2 334 
808 928 
802 519 
315 211 
539 888 
759 769 
945 419 
512 375 
561 47 
514 188 
769 472 
855 610 
547 348 
875 30 
845 678 
757 51 
424 89 
202 984 
453 570 
635 789 
339 452 
323 28 
450 324 
599 837 
755 934 
933 901 
88 952 
992 726 
852 98 
941 192 
27 941 
215 345 
638 560 
129 23 
637 946 
733 642 
508 813 
820 867 
740 542 
536 56 
638 907 
190 181 
153 113 
113 18 
641 981 
784 40 
216 764 
600 157 
108 504 
123 775 
28 22 
63 981 
324 453 
538 357 
582 931 
376 737 
455 728 
230 854 
909 623 
904 116 
569 228 
791 5 
722 881 
977 662 
893 311 
763 439 
838 244 
283 352 
895 386 
730 845 
300 803 
421 246 
826 712 
471 374 
552 543 
302 518 
579 557 
578 395 
89 4 
948 252 
1 495 
494 580 
906 375 
254 942 
473 560 
896 212 
414 418 
962 573 
608 551 
818 789 
696 69 
526 912 
805 498 
479 401 
676 430 
645 611 
734 37 
593 7 
863 275 
533 94 
617 215 
916 700 
430 294 
928 433 
493 685 
722 139 
653 539 
562 871 
598 532 
753 713 
850 50 
590 594 
909 265 
577 56 
330 347 
124 41 
865 765 
123 437 
532 881 
186 644 
132 290 
546 937 
781 672 
630 327 
326 709 
509 371 
935 582 
625 143 
838 772 
80 596 
441 31 
495 189 
874 438 
959 810 
835 440 
436 271 
78 338 
187 263 
950 797 
644 940 
263 431 
367 213 
755 364 
528 787 
840 652 
512 311 
445 829 
682 501 
649 892 
571 923 
13 570 
221 549 
709 177 
568 673 
210 276 
593 882 
469 484 
141 703 
157 890 
919 977 
585 313 
744 84 
923 723 
248 825 
199 620 
692 168 
877 459 
744 107 
45 480 
269 823 
960 79 
17 454 
218 541 
800 812 
403 190 
726 415 
383 780 
191 230 
720 451 
6 932 
910 60 
74 329 
235 581 
213 15 
404 640 
545 897 
520 803 
807 951 
48 322 
496 387 
118 622 
33 846 
65 965 
586 835 
659 870 
405 148 
26 898 
304 412 
712 868 
589 467 
66 673 
535 896 
903 137 
885 857 
666 11 
37 8 
71 689 
927 930 
122 394 
337 892 
530 662 
942 126 
16 697 
42 295 
667 914 
408 927 
359 669 
367 790 
82 49 
788 699 
94 739 
395 681 
344 781 
169 251 
991 458 
717 277 
650 996 
228 170 
274 506 
639 87 
647 564 
883 502 
66 632 
499 688 
242 197 
659 717 
949 468 
621 269 
762 547 
306 815 
327 285 
742 353 
528 729 
971 654 
117 200 
462 168 
461 836 
450 21 
323 368 
260 305 
920 474 
754 882 
988 771 
571 26 
156 463 
915 519 
315 730 
80 206 
545 152 
595 808 
385 869 
740 905 
931 990 
68 584 
967 834 
42 341 
787 949 
174 356 
920 731 
765 12 
881 847 
93 396 
777 844 
731 399 
613 653 
396 41 
46 4 
150 867 
917 991 
874 642 
272 759 
504 34 
428 293 
476 771 
245 568 
280 632 
479 434 
624 383 
116 667 
258 686 
509 264 
145 309 
895 936 
176 14 
397 822 
256 973 
786 798 
300 59 
33 68 
53 373 
745 819 
585 162 
121 612 
832 915 
372 494 
884 316 
376 510 
572 963 
858 970 
420 124 
865 297 
471 864 
513 351 
341 96 
54 602 
996 91 
746 127 
559 205 
278 23 
732 141 
599 966 
274 388 
476 660 
282 634 
565 362 
940 237 
29 604 
91 994 
516 184 
405 679 
643 758 
986 687 
663 970 
240 272 
921 14 
358 671 
446 112 
770 489 
464 2 
413 651 
183 275 
826 944 
302 431 
61 247 
843 140 
591 969 
958 169 
429 814 
675 936 
474 664 
363 400 
607 554 
648 883 
49 626 
702 235 
798 356 
737 563 
1000
226 96 1 581 738 562 763 261 799 885 865 797 154 30 209 656 610 510 493 304 41 660 568 306 391 795 338 381 739 904 897 374 666 638 285 714 317 536 293 4 117 252 413 977 239 320 60 107 137 29 804 402 163 274 748 240 978 420 328 674 868 22 543 51 120 175 894 132 813 233 596 696 8 989 56 211 457 386 188 222 284 877 621 518 984 474 685 114 879 89 202 481 712 194 38 395 105 725 14 772 128 81 963 257 147 398 404 987 623 82 545 218 446 86 669 632 421 423 437 855 67 424 403 235 447 79 896 87 762 139 886 750 985 852 310 295 401 486 7 683 435 697 990 422 873 249 490 586 641 747 265 127 290 953 938 541 571 516 700 258 448 332 770 104 694 196 118 839 415 47 53 6 529 140 321 858 735 429 824 832 951 724 864 432 198 625 848 168 595 393 671 39 612 356 629 512 791 718 622 399 287 336 326 49 976 279 887 525 599 975 182 531 741 755 760 966 553 15 758 872 998 43 253 821 971 880 331 662 387 624 20 162 939 793 801 18 337 711 934 84 884 742 135 719 538 927 659 417 134 462 573 980 459 142 663 16 830 190 964 203 815 765 254 574 255 618 853 537 10 371 465 548 567 124 85 327 592 425 547 860 297 68 915 986 407 344 575 914 955 803 54 339 652 550 737 5 833 945 214 627 463 291 33 406 83 584 24 367 965 600 477 312 544 206 569 826 631 353 973 827 294 476 13 231 443 42 234 204 678 970 26 598 675 129 681 376 506 910 979 615 122 726 981 557 123 583 890 323 125 997 733 289 835 470 907 672 883 28 969 686 930 237 854 515 50 195 248 635 597 590 256 157 311 329 145 341 379 44 189 937 628 268 802 704 684 300 959 34 851 378 461 409 58 63 948 245 52 745 11 784 416 905 130 913 430 999 110 947 205 478 653 796 504 91 160 901 325 566 366 208 761 75 264 335 385 806 282 340 983 943 888 769 792 36 957 251 878 781 229 458 221 916 148 800 64 576 968 314 165 645 181 498 350 316 25 633 144 589 767 212 731 560 572 753 993 23 871 352 687 961 119 588 564 480 484 428 364 605 164 146 187 495 995 709 847 727 626 288 440 451 77 874 427 807 810 319 808 169 357 426 71 658 708 834 224 185 617 365 521 74 178 779 101 513 313 511 942 35 418 613 759 836 561 616 931 844 236 812 820 732 620 439 342 982 471 866 875 881 644 121 717 630 532 505 734 232 238 400 519 655 523 604 141 789 492 988 846 305 57 565 150 542 895 95 691 361 397 956 751 922 269 166 151 840 936 217 272 263 870 21 155 69 861 756 46 677 302 654 514 698 608 863 746 693 267 27 97 701 703 528 460 661 72 487 903 688 601 277 876 530 893 158 788 527 363 500 270 555 59 346 559 280 55 713 526 308 921 273 334 380 593 859 303 603 109 112 111 841 902 70 131 230 392 962 93 773 946 752 216 368 12 570 411 932 790 373 606 296 692 651 3 829 73 822 271 558 467 348 811 167 554 740 281 286 266 441 609 637 453 370 899 156 152 764 636 377 309 199 923 928 66 143 241 322 707 524 62 359 179 473 649 349 539 455 657 845 483 108 88 454 247 45 283 720 614 900 92 299 464 225 159 184 906 1000 950 766 818 556 419 193 452 292 61 507 275 552 174 358 551 776 699 743 482 449 974 9 563 972 362 648 450 2 78 106 501 929 944 19 785 173 210 825 360 831 186 17 345 828 115 774 276 223 384 546 768 920 919 433 723 579 960 777 436 383 849 926 172 497 771 520 647 301 438 689 412 102 40 503 892 867 410 668 809 445 396 918 534 351 244 488 80 757 489 431 192 783 850 100 706 952 201 602 591 31 992 479 343 90 444 736 250 499 949 577 405 375 180 778 98 94 908 215 730 679 912 508 814 935 786 917 798 408 549 318 710 721 857 823 176 315 585 278 491 394 640 259 682 103 456 509 298 642 330 170 856 650 670 705 940 177 889 665 925 388 819 149 639 475 805 472 126 909 485 324 994 716 347 794 242 48 496 213 862 369 729 842 869 494 744 246 816 838 924 372 434 664 207 619 220 898 715 967 780 578 722 787 695 837 594 161 782 390 580 754 911 702 76 468 133 354 680 843 113 227 749 37 958 607 728 517 775 466 262 116 183 228 533 941 673 414 260 611 933 333 882 200 646 442 355 243 99 587 996 307 643 153 32 634 954 522 502 535 469 171 676 389 991 197 690 65 136 891 817 191 667 540 582 138 219 382 
