998
35 187 
289 254 
682 501 
995 102 
238 381 
495 891 
439 914 
77 614 
339 531 
550 213 
596 559 
495 631 
131 395 
927 511 
6 613 
129 239 
510 173 
819 345 
61 288 
236 307 
60 232 
419 156 
220 124 
691 544 
25 507 
807 670 
889 579 
241 712 
701 353 
422 673 
761 634 
735 208 
947 444 
385 12 
535 715 
428 437 
581 920 
391 950 
320 219 
524 258 
280 534 
845 231 
642 136 
840 520 
277 705 
746 336 
361 16 
313 659 
341 224 
504 364 
388 980 
160 63 
487 167 
499 41 
686 505 
944 820 
306 682 
275 605 
27 981 
962 876 
419 554 
638 441 
943 359 
900 601 
768 686 
615 965 
4 836 
926 138 
886 871 
379 153 
318 64 
135 657 
214 781 
174 590 
736 986 
198 628 
505 136 
40 882 
298 163 
329 707 
942 369 
66 834 
880 833 
807 861 
217 13 
548 416 
782 735 
699 176 
545 325 
863 205 
739 532 
205 576 
944 158 
473 474 
312 685 
699 426 
703 395 
150 878 
433 299 
759 777 
857 76 
587 708 
33 663 
172 577 
800 216 
918 435 
920 296 
892 613 
530 613 
741 704 
817 613 
133 482 
251 653 
3 228 
582 621 
48 210 
251 264 
322 7 
952 927 
816 629 
359 750 
350 604 
118 962 
53 363 
209 658 
182 156 
675 812 
752 539 
671 75 
547 352 
998 340 
393 88 
840 20 
633 745 
304 198 
399 68 
204 343 
793 975 
50 171 
289 741 
421 606 
852 246 
732 237 
472 931 
22 141 
368 694 
525 368 
15 586 
430 713 
84 848 
225 253 
103 309 
431 564 
731 79 
719 591 
249 137 
822 907 
271 86 
184 552 
973 26 
787 179 
269 747 
480 719 
703 299 
212 451 
478 317 
333 697 
57 503 
773 885 
377 462 
740 111 
853 248 
716 18 
616 650 
825 73 
570 92 
454 185 
224 800 
867 492 
440 189 
898 258 
808 610 
69 869 
975 166 
365 102 
194 410 
220 578 
910 316 
977 527 
970 21 
618 218 
881 108 
215 31 
72 151 
675 765 
649 334 
672 763 
282 966 
265 110 
629 760 
969 202 
312 985 
459 421 
281 824 
536 785 
228 902 
244 746 
369 190 
690 549 
838 420 
758 741 
143 535 
792 725 
559 413 
2 661 
886 748 
186 977 
506 486 
748 55 
584 30 
937 700 
676 945 
627 775 
519 394 
751 39 
157 263 
188 511 
442 47 
641 488 
577 371 
313 1 
735 561 
205 952 
954 540 
355 667 
11 895 
520 400 
874 538 
184 39 
982 259 
379 695 
718 688 
767 744 
83 373 
427 922 
831 79 
19 282 
222 652 
345 851 
224 928 
127 737 
718 491 
756 335 
644 934 
346 784 
625 433 
901 83 
49 114 
888 610 
722 403 
249 979 
953 917 
13 477 
467 777 
635 106 
494 245 
438 875 
151 988 
322 617 
268 206 
597 514 
600 241 
99 225 
895 532 
875 801 
303 261 
847 232 
237 372 
983 598 
923 727 
665 941 
883 295 
62 864 
471 493 
563 500 
260 190 
786 905 
203 503 
119 735 
243 233 
697 476 
865 683 
602 266 
790 830 
965 406 
937 722 
944 726 
841 98 
681 454 
616 607 
50 623 
308 721 
966 818 
235 17 
649 603 
527 255 
201 635 
824 909 
52 409 
116 807 
970 799 
585 680 
122 358 
229 493 
990 678 
449 545 
684 74 
584 828 
664 254 
911 149 
834 285 
36 423 
736 635 
738 590 
960 305 
97 596 
96 227 
336 123 
429 393 
58 516 
643 784 
924 873 
646 142 
52 983 
48 803 
597 654 
489 546 
860 868 
469 982 
405 897 
912 609 
936 138 
508 80 
36 67 
114 615 
51 639 
21 822 
329 789 
991 164 
642 231 
483 224 
859 679 
468 165 
780 252 
818 455 
987 247 
33 260 
845 738 
848 919 
532 141 
915 901 
697 821 
441 514 
319 638 
40 837 
867 250 
914 922 
915 562 
791 345 
835 446 
887 367 
939 940 
75 561 
98 705 
623 292 
577 44 
171 906 
389 916 
626 374 
677 108 
46 569 
247 164 
616 957 
339 354 
842 533 
126 351 
920 85 
547 329 
980 254 
967 86 
662 949 
265 666 
996 648 
806 782 
378 379 
411 481 
94 100 
593 430 
875 221 
626 370 
697 461 
854 170 
416 227 
648 563 
560 867 
872 727 
111 757 
428 582 
434 538 
901 223 
660 618 
608 117 
507 880 
595 728 
231 813 
853 792 
672 998 
65 885 
768 879 
743 520 
193 235 
978 41 
928 698 
321 352 
412 478 
173 890 
246 161 
994 174 
589 797 
481 862 
269 442 
496 129 
812 496 
211 990 
355 434 
414 397 
107 680 
101 822 
484 379 
262 335 
918 655 
815 425 
48 774 
637 741 
28 515 
993 610 
743 126 
287 320 
568 193 
194 169 
674 712 
377 350 
755 630 
358 143 
922 979 
662 305 
198 384 
317 70 
526 521 
632 970 
84 309 
810 671 
631 38 
137 908 
372 640 
510 108 
691 451 
430 398 
644 486 
174 402 
726 32 
820 28 
213 117 
785 408 
62 583 
794 485 
958 579 
521 279 
946 378 
865 186 
749 115 
310 804 
510 971 
543 617 
183 737 
200 182 
540 636 
380 445 
844 918 
947 986 
38 7 
427 145 
719 326 
57 839 
376 852 
579 267 
299 253 
69 677 
211 949 
828 280 
92 879 
453 243 
490 239 
968 262 
339 797 
572 539 
324 716 
78 330 
647 796 
17 905 
180 149 
790 523 
993 580 
386 109 
90 889 
347 649 
78 956 
464 438 
669 193 
566 714 
272 24 
199 325 
954 592 
584 458 
139 797 
147 40 
332 290 
470 702 
546 667 
621 15 
935 68 
226 519 
690 177 
19 348 
288 356 
370 177 
94 855 
896 77 
376 722 
587 684 
53 475 
311 206 
787 379 
524 930 
903 714 
176 573 
24 115 
101 68 
838 856 
959 162 
43 93 
59 564 
127 549 
862 464 
753 942 
201 391 
955 754 
383 935 
154 679 
189 775 
78 23 
765 760 
788 205 
892 841 
788 316 
447 392 
202 506 
258 868 
879 619 
764 473 
74 342 
337 570 
725 622 
56 292 
899 469 
732 829 
125 83 
48 104 
175 41 
132 817 
494 324 
941 909 
696 974 
912 87 
780 384 
212 56 
823 896 
984 409 
577 932 
833 294 
460 128 
170 498 
583 63 
919 904 
331 349 
319 970 
717 407 
838 438 
248 556 
575 19 
424 731 
333 542 
523 574 
95 975 
524 694 
436 152 
767 740 
640 917 
759 22 
151 107 
334 159 
715 402 
727 144 
325 730 
557 661 
943 342 
866 939 
468 55 
918 706 
657 244 
610 452 
417 502 
804 71 
817 82 
485 847 
477 27 
216 960 
101 204 
337 546 
724 775 
692 582 
413 385 
953 122 
565 715 
94 871 
97 810 
463 138 
76 188 
864 976 
559 120 
948 809 
366 915 
435 195 
329 34 
831 967 
557 754 
329 854 
594 616 
481 796 
622 339 
819 843 
51 612 
14 276 
763 77 
951 392 
890 14 
742 610 
734 220 
88 327 
279 700 
904 806 
839 271 
255 387 
296 783 
553 406 
301 536 
160 200 
196 541 
445 297 
250 968 
426 166 
906 811 
687 104 
452 830 
575 487 
891 367 
313 5 
850 970 
974 529 
528 527 
637 45 
556 751 
67 183 
724 959 
315 491 
302 645 
40 678 
278 450 
375 326 
169 654 
783 387 
380 564 
293 603 
219 834 
522 550 
605 170 
230 42 
287 985 
893 340 
874 425 
49 987 
647 526 
80 240 
857 525 
929 816 
261 330 
281 558 
488 1 
470 314 
442 479 
809 121 
568 769 
781 59 
415 40 
289 697 
846 276 
925 794 
457 374 
674 544 
819 300 
832 242 
423 849 
876 545 
328 899 
37 964 
969 71 
20 668 
621 273 
842 436 
665 110 
499 571 
93 436 
29 267 
357 42 
123 887 
650 236 
443 569 
142 838 
264 791 
522 974 
382 48 
601 553 
16 898 
224 802 
109 30 
919 146 
778 557 
295 278 
893 711 
61 386 
738 509 
310 784 
162 222 
144 157 
132 551 
154 554 
378 454 
798 8 
413 900 
927 938 
732 940 
404 471 
468 689 
448 541 
422 442 
771 184 
896 697 
389 578 
807 877 
35 676 
923 697 
709 73 
567 320 
858 246 
836 230 
826 467 
897 719 
274 580 
259 187 
865 168 
690 555 
716 408 
756 429 
846 448 
381 934 
286 150 
186 656 
175 747 
10 389 
838 537 
984 637 
344 500 
750 658 
397 138 
720 139 
766 297 
706 179 
942 105 
908 351 
497 738 
951 832 
311 636 
360 939 
652 517 
925 566 
19 859 
805 838 
116 43 
203 991 
404 453 
20 362 
795 446 
275 818 
454 89 
539 798 
449 611 
825 318 
670 972 
586 300 
124 920 
327 878 
44 827 
331 834 
589 558 
838 961 
460 54 
599 121 
963 562 
9 197 
140 274 
560 936 
916 870 
361 831 
475 717 
418 214 
702 178 
236 641 
209 689 
776 510 
298 713 
902 353 
328 215 
903 504 
456 775 
593 450 
981 884 
835 314 
58 317 
9 96 
134 293 
924 165 
352 421 
283 518 
390 417 
24 569 
928 465 
266 591 
698 884 
396 85 
268 412 
639 142 
81 856 
752 155 
975 161 
291 312 
151 405 
244 130 
995 284 
91 602 
606 60 
551 364 
931 877 
26 168 
513 608 
454 833 
31 685 
344 518 
995 242 
308 301 
989 392 
363 32 
870 894 
963 588 
357 653 
191 855 
252 883 
913 208 
651 621 
827 332 
666 607 
659 645 
65 229 
510 911 
457 834 
257 281 
912 195 
631 814 
423 350 
973 270 
242 390 
764 568 
256 40 
723 426 
709 574 
633 513 
383 48 
266 11 
548 99 
508 198 
233 308 
950 191 
440 529 
90 711 
338 546 
148 997 
140 624 
708 516 
913 401 
135 194 
112 673 
69 346 
13 557 
145 929 
306 770 
766 910 
113 613 
226 407 
762 74 
25 933 
755 827 
577 728 
552 701 
699 757 
462 933 
956 624 
447 630 
519 811 
729 753 
517 973 
410 992 
200 207 
490 942 
546 482 
3 585 
181 919 
175 128 
197 218 
600 730 
330 356 
502 238 
543 131 
534 770 
2 621 
948 673 
809 302 
8 286 
592 178 
733 911 
749 4 
463 633 
155 786 
64 400 
795 688 
125 761 
997 103 
46 118 
48 571 
866 51 
815 826 
501 283 
29 245 
426 620 
315 474 
444 159 
946 323 
512 561 
339 710 
234 21 
921 730 
779 370 
976 963 
931 705 
308 772 
192 744 
964 296 
466 378 
773 448 
728 894 
660 134 
693 566 
148 676 
163 912 
432 844 
192 33 
598 533 
996 40 
634 418 
998
614 916 853 591 859 660 301 330 1 470 438 993 192 753 458 603 646 716 869 990 815 396 289 361 843 883 30 676 573 707 732 794 922 711 900 692 363 180 335 893 986 531 493 256 525 952 765 994 911 519 324 507 395 988 882 280 239 214 803 110 763 103 782 209 539 940 464 232 57 793 303 328 854 99 697 90 625 903 856 157 33 907 271 494 399 300 523 269 819 9 47 159 372 754 734 550 560 682 640 864 259 53 447 783 357 215 872 902 541 838 63 786 417 8 592 498 607 122 702 207 826 857 51 174 104 479 224 924 821 639 580 55 635 435 248 12 223 305 901 394 42 405 237 623 354 551 714 268 304 923 69 796 788 4 840 126 66 337 667 509 558 820 430 616 846 665 143 756 548 146 286 610 861 375 95 352 547 167 136 701 513 887 472 296 261 164 263 809 739 814 974 98 407 342 759 825 789 373 571 729 757 890 290 325 251 444 941 502 661 674 64 718 374 524 978 946 512 315 344 601 316 184 991 694 383 129 398 572 434 787 483 895 953 410 975 302 176 221 119 936 965 492 925 874 738 562 70 35 106 61 668 463 749 549 715 589 648 622 500 886 659 462 6 672 278 226 362 704 457 200 465 875 120 310 139 585 868 530 615 334 338 388 169 152 16 140 282 873 21 404 663 919 855 88 801 39 938 731 581 630 416 193 761 736 832 265 517 762 805 241 150 964 448 91 536 747 588 600 989 190 797 565 818 165 829 935 495 939 196 111 7 824 772 230 841 97 151 206 567 627 321 260 175 220 828 23 929 147 717 760 422 703 400 117 987 257 629 877 490 781 356 43 318 650 981 555 620 816 983 954 968 108 543 587 113 424 744 441 348 34 689 428 955 198 144 613 177 429 218 942 835 921 712 867 312 194 671 871 231 382 426 270 810 446 742 166 906 80 210 228 647 154 397 884 574 3 109 201 427 266 134 534 636 102 2 596 776 71 870 475 834 73 253 431 347 205 812 752 499 777 889 514 670 664 170 894 421 848 766 314 240 724 222 775 995 847 934 962 211 745 461 679 785 529 973 626 910 516 790 295 865 947 264 658 644 521 294 920 18 171 96 449 896 811 880 949 62 76 652 774 827 784 254 364 641 721 299 368 50 468 208 605 216 681 197 52 351 217 40 967 138 849 982 258 708 950 779 963 58 121 353 186 913 637 914 533 845 249 480 350 593 474 203 969 984 733 131 235 451 599 298 36 511 477 858 719 452 728 74 482 705 943 376 100 27 307 634 538 245 698 876 250 959 740 540 643 866 158 125 365 806 997 948 384 204 817 678 831 655 505 651 297 830 578 105 932 764 619 339 980 822 723 156 700 673 288 669 677 602 489 160 387 638 44 320 173 554 355 878 432 467 276 279 526 225 485 631 730 420 881 713 116 162 768 93 311 795 323 675 685 725 163 686 242 439 453 419 322 92 141 566 767 800 484 693 904 409 445 918 459 182 977 653 381 132 546 82 45 456 31 114 951 898 238 133 933 68 142 586 247 86 537 930 340 888 413 281 488 85 386 594 709 107 992 471 267 556 77 945 985 912 227 508 501 750 37 273 542 123 748 979 118 149 532 720 915 735 813 654 837 773 306 617 863 213 642 961 246 568 172 403 292 545 283 497 17 336 393 366 183 590 927 199 443 928 38 332 455 892 758 799 10 473 606 917 496 56 515 436 326 346 582 518 780 219 996 101 59 743 255 390 191 579 960 60 437 84 94 769 727 155 569 564 317 291 454 72 553 19 161 360 78 385 392 124 791 415 402 559 683 440 401 89 185 274 412 244 466 662 252 178 187 491 179 79 563 487 277 862 798 380 188 309 319 741 272 22 414 726 284 722 331 746 576 852 528 552 504 633 359 423 851 153 751 377 168 285 28 367 345 527 690 236 24 229 148 32 287 608 262 293 956 46 666 14 842 425 469 503 313 370 584 583 926 29 371 26 442 20 476 130 823 710 755 115 358 234 680 839 597 520 624 706 804 478 460 535 972 628 850 899 632 688 645 49 908 212 656 11 577 905 836 308 570 699 618 833 65 349 885 25 970 909 598 41 931 54 112 137 770 411 879 275 341 860 15 87 406 408 329 510 891 369 557 575 544 687 609 343 202 971 696 128 844 181 998 966 189 327 233 243 807 5 522 450 695 135 418 81 621 691 481 486 506 604 737 389 649 433 897 333 657 944 595 958 771 684 379 561 778 976 75 802 957 937 391 127 83 48 612 145 792 808 67 13 378 611 195 
