999
225 412 
184 150 
522 227 
396 179 
297 266 
169 909 
765 766 
787 707 
925 308 
444 887 
702 878 
422 777 
302 277 
853 39 
225 818 
325 336 
73 65 
808 261 
420 682 
773 771 
666 98 
731 915 
42 154 
998 594 
781 731 
693 619 
842 569 
652 865 
565 319 
394 883 
99 977 
291 737 
833 258 
516 138 
195 756 
102 487 
11 735 
176 826 
973 877 
828 923 
177 489 
741 57 
882 10 
635 429 
626 661 
546 874 
871 928 
173 688 
714 361 
285 270 
543 903 
361 691 
74 305 
730 311 
950 370 
586 428 
247 195 
832 188 
382 971 
351 112 
837 936 
408 622 
61 358 
67 237 
259 717 
313 906 
339 949 
968 383 
148 664 
249 773 
71 884 
70 262 
607 503 
627 186 
710 96 
275 564 
158 827 
133 312 
352 405 
506 354 
970 961 
960 704 
809 440 
234 450 
455 496 
499 303 
149 881 
691 82 
277 186 
519 882 
235 967 
513 858 
340 589 
333 272 
859 718 
407 535 
891 678 
803 770 
938 345 
121 140 
359 729 
491 137 
944 772 
347 723 
935 374 
703 861 
78 983 
123 779 
477 406 
618 464 
190 884 
299 380 
114 204 
43 265 
699 689 
413 853 
247 279 
459 920 
505 978 
549 641 
636 147 
599 921 
836 290 
442 984 
665 612 
621 665 
28 647 
131 999 
487 603 
274 982 
83 467 
992 937 
555 141 
531 231 
761 463 
608 264 
93 377 
100 501 
412 359 
734 889 
814 326 
587 679 
425 780 
989 134 
789 396 
911 742 
701 891 
822 161 
365 529 
215 850 
121 748 
411 956 
751 323 
898 704 
246 625 
115 223 
126 745 
244 646 
8 976 
959 840 
122 654 
461 824 
644 991 
254 234 
914 692 
295 641 
987 250 
172 981 
213 723 
257 501 
629 494 
526 539 
958 117 
788 255 
383 481 
924 453 
18 683 
260 995 
910 711 
189 535 
499 445 
761 807 
985 760 
470 875 
681 532 
517 626 
282 971 
204 257 
298 743 
725 85 
536 934 
774 708 
185 122 
930 805 
472 146 
68 584 
578 254 
769 831 
534 518 
842 545 
360 948 
653 136 
550 706 
744 240 
952 870 
495 353 
659 504 
101 756 
109 589 
224 273 
596 202 
218 334 
15 455 
222 114 
392 697 
658 305 
466 990 
965 604 
235 112 
27 687 
630 529 
948 974 
819 194 
93 55 
855 670 
847 845 
129 47 
469 722 
668 778 
852 943 
145 236 
199 824 
680 752 
765 988 
289 527 
368 108 
59 628 
923 408 
466 679 
889 662 
320 382 
330 836 
657 555 
798 543 
230 542 
452 371 
90 580 
810 784 
193 775 
459 201 
592 446 
965 519 
200 871 
338 182 
594 990 
651 45 
497 835 
73 386 
575 226 
514 734 
927 806 
994 768 
815 402 
327 377 
211 188 
392 342 
358 516 
671 857 
916 490 
475 423 
591 253 
841 101 
528 422 
919 405 
746 435 
375 142 
841 851 
385 430 
281 387 
651 201 
50 321 
570 985 
563 116 
837 906 
203 907 
1 866 
947 888 
183 823 
967 427 
654 515 
515 256 
815 608 
514 442 
379 817 
80 119 
232 652 
743 366 
207 880 
343 902 
308 438 
159 460 
385 512 
605 822 
72 590 
249 443 
531 843 
675 62 
814 860 
636 490 
479 949 
306 167 
473 481 
363 816 
283 970 
498 642 
113 251 
113 857 
465 387 
825 863 
363 125 
274 758 
714 228 
166 66 
370 751 
820 739 
500 619 
220 447 
97 507 
774 198 
709 960 
631 547 
505 409 
997 312 
646 299 
944 883 
51 239 
795 439 
865 935 
14 716 
72 120 
821 638 
530 86 
538 288 
221 797 
76 286 
480 653 
786 476 
284 579 
979 263 
106 631 
241 525 
601 492 
879 897 
441 23 
510 937 
482 671 
276 415 
84 754 
827 859 
504 187 
741 238 
366 881 
696 456 
984 417 
642 22 
282 165 
303 399 
522 659 
398 928 
349 350 
448 748 
676 556 
175 541 
988 900 
216 593 
868 701 
548 981 
252 700 
176 145 
577 872 
696 711 
496 705 
987 141 
228 168 
170 124 
488 576 
157 354 
431 973 
562 918 
547 208 
686 165 
187 762 
492 440 
684 539 
738 390 
571 185 
47 905 
222 80 
328 890 
118 645 
667 159 
846 110 
551 511 
142 727 
617 388 
593 926 
321 710 
25 835 
813 829 
109 991 
287 854 
630 877 
403 324 
616 1 
733 934 
181 537 
232 866 
123 170 
946 280 
431 40 
110 376 
689 628 
963 647 
581 289 
872 152 
661 736 
430 777 
258 776 
541 954 
53 904 
99 954 
171 755 
913 540 
197 449 
597 436 
209 256 
899 888 
371 571 
582 318 
848 566 
259 629 
688 901 
760 914 
451 548 
8 63 
804 424 
791 564 
417 171 
753 931 
936 528 
334 684 
102 712 
325 162 
993 846 
148 474 
783 266 
994 767 
620 307 
402 947 
147 191 
921 100 
557 38 
90 462 
828 241 
534 418 
126 470 
389 348 
568 918 
551 403 
160 876 
273 197 
444 962 
28 168 
313 200 
301 286 
350 588 
324 30 
314 913 
27 794 
182 497 
823 124 
736 574 
357 644 
68 307 
435 454 
355 437 
779 229 
908 769 
468 566 
304 164 
54 45 
772 269 
81 472 
216 22 
427 713 
812 580 
107 907 
35 446 
615 686 
563 329 
582 300 
344 656 
509 367 
573 144 
78 886 
856 120 
198 33 
428 177 
549 283 
118 243 
245 343 
553 220 
35 524 
434 640 
345 746 
434 873 
374 650 
922 477 
602 799 
411 333 
158 265 
916 91 
203 851 
406 214 
787 58 
792 24 
785 103 
537 986 
127 322 
351 693 
34 540 
464 864 
398 163 
553 867 
292 668 
544 338 
775 614 
208 189 
552 105 
749 135 
975 639 
627 903 
484 323 
800 106 
316 768 
152 929 
214 640 
560 39 
672 740 
404 489 
904 164 
167 533 
384 712 
673 590 
573 91 
697 810 
939 92 
649 174 
618 607 
848 271 
71 508 
648 586 
739 103 
829 801 
939 920 
638 82 
520 65 
229 304 
19 471 
49 536 
462 357 
797 744 
108 728 
217 432 
953 724 
153 49 
183 752 
795 643 
221 660 
181 843 
364 790 
975 441 
600 41 
342 456 
557 606 
896 184 
260 144 
178 649 
817 560 
89 892 
500 567 
725 597 
239 384 
890 820 
726 149 
17 395 
957 390 
373 511 
486 639 
926 678 
862 244 
561 611 
135 527 
839 660 
624 393 
924 510 
467 94 
66 291 
227 568 
155 290 
117 276 
834 818 
796 521 
88 558 
982 6 
572 4 
136 784 
476 457 
12 850 
175 372 
31 766 
4 206 
38 727 
133 40 
473 223 
917 309 
961 151 
319 76 
657 180 
77 690 
861 623 
598 399 
485 874 
190 233 
483 633 
179 98 
979 650 
576 356 
193 240 
554 929 
367 789 
421 15 
248 331 
29 173 
315 602 
556 62 
69 212 
293 270 
945 89 
621 59 
269 951 
5 802 
166 341 
977 199 
625 567 
702 767 
19 685 
713 503 
401 742 
426 381 
250 605 
495 980 
480 60 
830 97 
662 32 
878 546 
849 783 
912 278 
233 7 
469 648 
609 893 
664 433 
838 782 
401 318 
410 391 
445 231 
316 96 
414 302 
852 226 
552 807 
658 729 
574 677 
999 84 
755 293 
699 160 
718 957 
600 909 
443 517 
770 12 
776 26 
868 81 
42 966 
676 674 
397 506 
253 790 
267 885 
998 439 
491 917 
570 346 
615 48 
585 139 
211 643 
180 896 
498 297 
137 284 
521 376 
6 64 
885 747 
317 825 
483 762 
16 156 
219 703 
37 993 
867 493 
337 242 
11 996 
980 413 
902 726 
143 400 
132 178 
763 452 
715 161 
335 329 
2 437 
410 894 
974 448 
523 728 
368 407 
595 30 
880 816 
544 513 
925 554 
633 111 
310 759 
95 9 
429 942 
485 75 
107 732 
111 409 
326 243 
331 996 
206 484 
217 559 
330 378 
369 927 
598 87 
943 698 
992 732 
562 716 
56 754 
673 905 
666 360 
362 724 
493 332 
436 488 
720 873 
74 669 
793 886 
52 680 
632 69 
451 146 
583 538 
425 310 
322 328 
60 151 
352 572 
940 558 
550 740 
362 79 
169 614 
295 533 
386 224 
682 717 
745 465 
856 130 
966 685 
129 545 
83 694 
819 747 
901 989 
613 635 
502 474 
933 968 
951 719 
17 67 
813 596 
542 341 
637 811 
915 847 
420 255 
709 52 
3 695 
622 705 
218 599 
613 663 
844 486 
415 3 
419 620 
838 391 
612 719 
616 13 
800 565 
778 237 
821 18 
379 785 
687 140 
438 275 
296 895 
812 5 
139 575 
378 509 
694 897 
245 53 
722 524 
708 610 
758 637 
757 400 
468 150 
279 369 
520 941 
895 656 
268 963 
104 578 
262 281 
57 830 
634 196 
174 581 
433 339 
373 280 
834 157 
163 875 
482 416 
894 735 
172 986 
29 128 
143 457 
414 764 
840 287 
700 130 
424 309 
238 213 
526 196 
86 959 
953 930 
603 475 
932 730 
854 215 
46 36 
48 910 
87 972 
44 669 
964 419 
798 624 
595 26 
7 845 
478 962 
37 210 
461 956 
454 393 
24 32 
252 791 
337 955 
205 587 
209 826 
271 447 
296 395 
792 9 
458 25 
285 463 
210 690 
855 192 
632 380 
301 2 
20 623 
346 154 
518 786 
849 695 
471 645 
592 655 
858 104 
611 46 
764 964 
862 831 
138 219 
94 805 
863 733 
879 292 
706 763 
806 261 
61 41 
388 753 
43 832 
749 54 
202 344 
33 869 
771 799 
320 946 
938 364 
809 803 
604 508 
278 793 
958 512 
375 10 
70 941 
75 860 
670 340 
870 737 
381 912 
893 922 
561 663 
507 585 
983 908 
911 588 
63 347 
672 315 
887 51 
978 931 
153 900 
248 674 
288 128 
584 23 
92 77 
972 932 
833 617 
55 16 
869 58 
945 115 
372 56 
780 332 
876 606 
95 264 
348 272 
530 892 
899 155 
579 864 
460 20 
327 298 
942 782 
919 997 
306 230 
675 677 
750 683 
127 355 
13 389 
707 801 
839 119 
116 125 
532 458 
156 502 
811 131 
44 721 
681 394 
79 365 
263 609 
134 794 
969 995 
781 738 
317 416 
132 569 
21 192 
757 449 
453 432 
191 634 
314 450 
750 64 
721 421 
426 294 
940 349 
898 404 
715 36 
50 610 
692 212 
335 236 
667 162 
311 525 
844 267 
105 804 
577 720 
205 952 
969 698 
300 356 
85 494 
353 294 
591 88 
423 336 
478 601 
207 976 
246 559 
759 397 
418 194 
955 268 
14 523 
31 950 
21 479 
808 251 
802 34 
933 242 
796 583 
999
154 593 153 275 172 569 129 820 147 343 126 35 600 727 277 350 922 157 878 796 590 218 299 574 566 167 910 680 378 651 946 115 421 347 842 575 433 502 317 398 742 107 504 886 435 964 635 247 872 785 380 772 459 207 364 382 36 814 808 200 319 920 552 119 295 9 779 143 224 894 724 248 241 673 461 585 410 877 737 702 632 534 123 79 631 363 367 595 874 216 969 539 482 919 564 926 59 174 764 873 892 656 855 519 199 705 160 943 458 12 511 465 78 991 627 94 138 452 553 498 485 488 294 851 847 136 16 86 816 456 825 450 423 64 290 411 591 857 848 794 344 577 584 487 253 351 453 824 686 353 369 811 472 689 790 579 558 104 381 551 475 793 899 513 497 654 65 219 747 996 949 284 493 429 49 460 515 982 215 698 34 39 245 414 817 45 804 293 630 604 195 292 311 896 303 542 979 658 76 601 754 491 66 242 124 276 523 203 464 567 706 884 437 32 733 618 560 68 963 843 898 633 175 20 582 932 846 51 159 831 178 161 655 536 387 788 950 735 819 830 29 583 15 261 923 365 807 341 82 885 10 1 184 270 156 973 531 287 961 72 905 400 71 867 609 256 952 326 288 173 547 194 457 286 675 108 607 439 428 122 139 629 965 726 786 638 209 765 432 889 545 716 58 763 362 774 406 283 628 544 265 615 668 166 897 643 448 133 447 700 84 24 111 232 25 282 109 21 571 240 217 967 301 518 721 887 95 137 789 795 707 622 699 352 206 273 812 402 538 743 798 401 468 931 626 992 606 694 505 478 489 599 744 349 305 938 802 925 62 648 361 783 750 368 70 438 959 187 348 659 118 479 976 649 358 596 611 646 427 714 252 444 676 696 46 736 263 833 150 760 653 473 322 490 561 146 720 116 41 470 934 180 755 572 89 338 821 360 394 73 354 236 315 355 570 975 268 54 165 56 602 6 639 657 357 559 134 266 225 929 238 85 113 672 211 425 408 48 832 960 359 647 309 870 879 469 212 416 81 162 37 125 866 396 951 105 610 776 142 524 712 625 306 972 983 27 758 757 83 316 312 756 791 640 530 346 372 722 787 813 132 514 862 246 499 704 399 687 327 903 893 881 480 995 677 792 759 748 670 775 751 314 213 384 397 665 652 616 732 340 7 761 986 718 854 69 281 50 201 784 403 336 684 663 324 556 103 535 259 229 486 385 660 500 114 818 413 334 145 767 77 568 235 957 471 141 578 389 810 522 127 345 554 690 728 586 769 192 74 752 956 445 506 264 131 883 436 120 386 244 858 222 573 112 87 852 994 262 580 279 942 803 168 110 422 613 541 864 55 494 678 393 484 557 226 193 822 589 342 608 987 685 507 771 667 937 882 210 945 418 968 749 289 617 924 731 251 664 63 713 5 31 377 645 641 204 407 717 13 592 876 337 868 250 228 682 198 4 163 865 621 8 880 151 323 90 237 770 955 708 562 715 762 28 895 121 302 805 185 38 318 307 61 723 917 529 44 231 220 930 442 521 434 335 935 412 933 155 683 871 47 543 921 2 496 508 927 454 701 332 549 100 620 624 527 532 958 310 376 650 3 383 135 75 740 901 661 781 179 947 227 130 176 431 674 140 911 623 966 962 841 612 644 581 510 598 681 928 679 780 999 801 517 239 366 392 503 278 838 977 53 388 636 30 297 782 990 845 597 93 533 169 14 67 57 823 440 902 492 182 177 426 430 269 257 778 939 856 734 797 443 891 321 829 390 333 729 441 860 540 719 190 826 691 834 809 249 300 19 419 313 710 662 844 405 688 88 605 912 404 214 836 374 692 537 936 223 221 835 738 863 850 953 725 483 634 853 509 474 148 33 815 477 99 462 588 739 183 230 520 988 746 60 171 202 875 948 52 799 546 888 415 144 164 971 985 869 512 839 424 703 26 455 619 555 709 563 526 449 395 373 189 603 777 528 291 495 234 476 671 993 741 149 828 998 339 565 941 128 43 974 980 904 272 271 304 80 91 267 285 913 98 890 379 918 446 296 907 914 908 152 254 370 944 330 260 205 576 191 859 463 298 197 170 550 849 978 325 900 17 501 981 181 753 97 243 594 915 467 255 233 208 940 695 417 642 587 711 375 989 745 188 614 42 730 356 409 697 909 768 22 329 548 280 840 916 954 970 117 331 308 391 328 96 11 837 861 806 23 102 669 666 196 766 451 158 274 800 481 40 106 186 101 466 525 258 420 637 18 516 371 320 984 827 906 997 92 773 693 
